            1.9       0.538668
           1.89       0.553079
           1.88       0.566496
           1.87       0.578947
           1.86       0.590461
           1.85       0.601065
           1.84       0.610787
           1.83       0.619653
           1.82       0.627691
           1.81       0.634927
            1.8       0.641387
           1.79       0.647096
           1.78       0.652079
           1.77       0.656362
           1.76       0.659968
           1.75       0.662923
           1.74        0.66525
           1.73       0.666972
           1.72       0.668112
           1.71       0.668693
            1.7       0.668738
           1.69       0.668269
           1.68       0.667307
           1.67       0.665874
           1.66        0.66399
           1.65       0.661677
           1.64       0.658956
           1.63       0.655845
           1.62       0.652364
           1.61       0.648534
            1.6       0.644373
           1.59         0.6399
           1.58       0.635134
           1.57       0.630092
           1.56       0.624792
           1.55       0.619253
           1.54        0.61349
           1.53       0.607521
           1.52       0.601362
           1.51       0.595031
            1.5       0.588542
           1.49       0.581911
           1.48       0.575154
           1.47       0.568285
           1.46        0.56132
           1.45       0.554273
           1.44       0.547159
           1.43        0.53999
           1.42        0.53278
           1.41       0.525544
            1.4       0.518293
           1.39       0.511041
           1.38       0.503801
           1.37       0.496583
           1.36       0.489401
           1.35       0.482265
           1.34       0.475188
           1.33        0.46818
           1.32       0.461252
           1.31       0.454415
            1.3       0.447678
           1.29       0.441053
           1.28       0.434548
           1.27       0.428174
           1.26       0.421939
           1.25       0.415853
           1.24       0.409924
           1.23       0.404161
           1.22       0.398571
           1.21       0.393164
            1.2       0.387947
           1.19       0.382927
           1.18       0.378111
           1.17       0.373507
           1.16       0.369122
           1.15       0.364961
           1.14       0.361032
           1.13       0.357341
           1.12       0.353892
           1.11       0.350693
            1.1       0.347748
           1.09       0.345063
           1.08       0.342643
           1.07       0.340492
           1.06       0.338614
           1.05       0.337016
           1.04       0.335699
           1.03       0.334669
           1.02       0.333929
           1.01       0.333483
              1       0.333333
           0.99       0.333484
           0.98       0.333937
           0.97       0.334696
           0.96       0.335763
           0.95       0.337141
           0.94       0.338831
           0.93       0.340835
           0.92       0.343156
           0.91       0.345794
            0.9       0.348752
           0.89        0.35203
           0.88       0.355629
           0.87        0.35955
           0.86       0.363794
           0.85       0.368362
           0.84       0.373253
           0.83       0.378467
           0.82       0.384006
           0.81       0.389868
            0.8       0.396053
           0.79       0.402561
           0.78       0.409391
           0.77       0.416542
           0.76       0.424013
           0.75       0.431803
           0.74       0.439911
           0.73       0.448335
           0.72       0.457074
           0.71       0.466126
            0.7       0.475488
           0.69        0.48516
           0.68       0.495138
           0.67       0.505421
           0.66       0.516006
           0.65       0.526891
           0.64       0.538072
           0.63       0.549548
           0.62       0.561314
           0.61       0.573368
            0.6       0.585707
           0.59       0.598327
           0.58       0.611225
           0.57       0.624397
           0.56        0.63784
           0.55       0.651549
           0.54       0.665522
           0.53       0.679753
           0.52       0.694239
           0.51       0.708976
            0.5       0.723958
           0.49       0.739183
           0.48       0.754644
           0.47       0.770338
           0.46       0.786259
           0.45       0.802404
           0.44       0.818766
           0.43       0.835341
           0.42       0.852124
           0.41        0.86911
            0.4       0.886293
           0.39       0.903668
           0.38        0.92123
           0.37       0.938973
           0.36       0.956891
           0.35       0.974979
           0.34       0.993231
           0.33        1.01164
           0.32         1.0302
           0.31        1.04891
            0.3        1.06776
           0.29        1.08675
           0.28        1.10586
           0.27        1.12509
           0.26        1.14444
           0.25         1.1639
           0.24        1.18346
           0.23        1.20312
           0.22        1.22287
           0.21         1.2427
            0.2        1.26261
           0.19        1.28259
           0.18        1.30264
           0.17        1.32274
           0.16        1.34289
           0.15        1.36309
           0.14        1.38333
           0.13        1.40359
           0.12        1.42388
           0.11        1.44418
            0.1         1.4645
           0.09        1.48482
           0.08        1.50513
           0.07        1.52543
           0.06        1.54572
           0.05        1.56598
           0.04        1.58621
           0.03         1.6064
           0.02        1.62654
