            1.9        400.384
           1.89        361.023
           1.88        328.229
           1.87        300.485
           1.86        276.711
           1.85        256.111
           1.84        238.092
           1.83        222.197
           1.82        208.073
           1.81         195.44
            1.8        184.075
           1.79        173.797
           1.78        164.457
           1.77        155.933
           1.76        148.123
           1.75        140.942
           1.74        134.316
           1.73        128.186
           1.72        122.496
           1.71        117.203
            1.7        112.266
           1.69         107.65
           1.68        103.327
           1.67        99.2683
           1.66        95.4519
           1.65        91.8566
           1.64        88.4641
           1.63        85.2581
           1.62        82.2237
           1.61        79.3479
            1.6        76.6188
           1.59        74.0257
           1.58        71.5589
           1.57        69.2096
           1.56        66.9699
           1.55        64.8324
           1.54        62.7906
           1.53        60.8383
           1.52          58.97
           1.51        57.1806
            1.5        55.4653
           1.49        53.8198
           1.48        52.2402
           1.47        50.7226
           1.46        49.2638
           1.45        47.8605
           1.44        46.5097
           1.43        45.2087
           1.42         43.955
           1.41        42.7461
            1.4        41.5799
           1.39        40.4543
           1.38        39.3673
           1.37        38.3171
           1.36        37.3019
           1.35        36.3203
           1.34        35.3707
           1.33        34.4516
           1.32        33.5617
           1.31        32.6999
            1.3        31.8648
           1.29        31.0554
           1.28        30.2706
           1.27        29.5095
           1.26         28.771
           1.25        28.0543
           1.24        27.3586
           1.23         26.683
           1.22        26.0268
           1.21        25.3892
            1.2        24.7696
           1.19        24.1672
           1.18        23.5816
           1.17        23.0121
           1.16        22.4581
           1.15        21.9191
           1.14        21.3946
           1.13         20.884
           1.12         20.387
           1.11        19.9031
            1.1        19.4318
           1.09        18.9728
           1.08        18.5256
           1.07        18.0899
           1.06        17.6654
           1.05        17.2516
           1.04        16.8482
           1.03         16.455
           1.02        16.0717
           1.01        15.6979
              1        15.3333
           0.99        14.9778
           0.98         14.631
           0.97        14.2927
           0.96        13.9626
           0.95        13.6406
           0.94        13.3264
           0.93        13.0198
           0.92        12.7206
           0.91        12.4286
            0.9        12.1436
           0.89        11.8655
           0.88        11.5939
           0.87        11.3289
           0.86        11.0702
           0.85        10.8176
           0.84        10.5711
           0.83        10.3304
           0.82        10.0954
           0.81        9.86605
            0.8        9.64211
           0.79         9.4235
           0.78        9.21008
           0.77        9.00174
           0.76        8.79836
           0.75        8.59983
           0.74        8.40604
           0.73        8.21689
           0.72        8.03227
           0.71         7.8521
            0.7        7.67626
           0.69        7.50468
           0.68        7.33726
           0.67        7.17392
           0.66        7.01458
           0.65        6.85915
           0.64        6.70757
           0.63        6.55974
           0.62        6.41561
           0.61        6.27511
            0.6        6.13816
           0.59         6.0047
           0.58        5.87468
           0.57        5.74802
           0.56        5.62469
           0.55        5.50461
           0.54        5.38774
           0.53        5.27403
           0.52        5.16343
           0.51         5.0559
            0.5        4.95139
           0.49        4.84987
           0.48        4.75129
           0.47        4.65563
           0.46        4.56285
           0.45        4.47292
           0.44        4.38582
           0.43        4.30153
           0.42        4.22003
           0.41         4.1413
            0.4        4.06533
           0.39        3.99212
           0.38        3.92167
           0.37        3.85398
           0.36        3.78906
           0.35        3.72692
           0.34         3.6676
           0.33        3.61112
           0.32        3.55753
           0.31        3.50689
            0.3        3.45925
           0.29         3.4147
           0.28        3.37335
           0.27         3.3353
           0.26        3.30069
           0.25        3.26972
           0.24        3.24257
           0.23         3.2195
           0.22         3.2008
           0.21        3.18685
            0.2        3.17807
           0.19        3.17502
           0.18        3.17837
           0.17        3.18893
           0.16        3.20777
           0.15        3.23622
           0.14        3.27601
           0.13        3.32939
           0.12         3.3994
           0.11        3.49017
            0.1        3.60752
           0.09        3.75983
           0.08         3.9597
           0.07        4.22696
           0.06        4.59466
           0.05        5.12228
           0.04        5.92888
           0.03        7.29218
           0.02        10.0455
