            1.9        378.314
           1.89        340.972
           1.88         309.86
           1.87         283.54
           1.86        260.985
           1.85        241.442
           1.84        224.347
           1.83        209.268
           1.82        195.869
           1.81        183.884
            1.8        173.102
           1.79        163.351
           1.78        154.491
           1.77        146.405
           1.76        138.996
           1.75        132.184
           1.74        125.899
           1.73        120.083
           1.72        114.686
           1.71        109.665
            1.7        104.982
           1.69        100.604
           1.68        96.5028
           1.67        92.6533
           1.66        89.0334
           1.65        85.6234
           1.64        82.4058
           1.63         79.365
           1.62        76.4872
           1.61        73.7598
            1.6        71.1716
           1.59        68.7124
           1.58        66.3731
           1.57        64.1453
           1.56        62.0215
           1.55        59.9947
           1.54        58.0586
           1.53        56.2075
           1.52        54.4362
           1.51        52.7396
            1.5        51.1134
           1.49        49.5535
           1.48         48.056
           1.47        46.6175
           1.46        45.2347
           1.45        43.9045
           1.44        42.6243
           1.43        41.3913
           1.42        40.2031
           1.41        39.0575
            1.4        37.9524
           1.39        36.8858
           1.38        35.8559
           1.37        34.8608
           1.36        33.8991
           1.35        32.9692
           1.34        32.0696
           1.33        31.1991
           1.32        30.3563
           1.31          29.54
            1.3        28.7492
           1.29        27.9827
           1.28        27.2396
           1.27         26.519
           1.26        25.8198
           1.25        25.1414
           1.24        24.4828
           1.23        23.8433
           1.22        23.2222
           1.21        22.6189
            1.2        22.0325
           1.19        21.4626
           1.18        20.9085
           1.17        20.3697
           1.16        19.8457
           1.15        19.3359
           1.14        18.8398
           1.13         18.357
           1.12         17.887
           1.11        17.4295
            1.1        16.9839
           1.09          16.55
           1.08        16.1273
           1.07        15.7155
           1.06        15.3143
           1.05        14.9232
           1.04        14.5421
           1.03        14.1707
           1.02        13.8085
           1.01        13.4554
              1        13.1111
           0.99        12.7753
           0.98        12.4479
           0.97        12.1284
           0.96        11.8168
           0.95        11.5128
           0.94        11.2162
           0.93        10.9268
           0.92        10.6445
           0.91        10.3689
            0.9           10.1
           0.89         9.8375
           0.88        9.58133
           0.87        9.33129
           0.86        9.08723
           0.85        8.84899
           0.84        8.61644
           0.83        8.38942
           0.82         8.1678
           0.81        7.95146
            0.8        7.74026
           0.79        7.53408
           0.78         7.3328
           0.77        7.13631
           0.76        6.94449
           0.75        6.75723
           0.74        6.57444
           0.73        6.39601
           0.72        6.22184
           0.71        6.05184
            0.7        5.88591
           0.69        5.72396
           0.68        5.56592
           0.67        5.41169
           0.66        5.26119
           0.65        5.11435
           0.64        4.97108
           0.63        4.83132
           0.62        4.69499
           0.61        4.56202
            0.6        4.43234
           0.59        4.30589
           0.58        4.18261
           0.57        4.06242
           0.56        3.94529
           0.55        3.83113
           0.54        3.71991
           0.53        3.61156
           0.52        3.50603
           0.51        3.40327
            0.5        3.30324
           0.49        3.20588
           0.48        3.11115
           0.47        3.01901
           0.46        2.92941
           0.45        2.84232
           0.44        2.75769
           0.43        2.67548
           0.42        2.59568
           0.41        2.51823
            0.4        2.44311
           0.39        2.37029
           0.38        2.29975
           0.37        2.23146
           0.36         2.1654
           0.35        2.10155
           0.34        2.03989
           0.33        1.98042
           0.32        1.92312
           0.31        1.86799
            0.3        1.81503
           0.29        1.76424
           0.28        1.71564
           0.27        1.66925
           0.26        1.62509
           0.25        1.58321
           0.24        1.54365
           0.23        1.50647
           0.22        1.47176
           0.21        1.43962
            0.2        1.41017
           0.19        1.38359
           0.18        1.36008
           0.17         1.3399
           0.16        1.32338
           0.15        1.31095
           0.14        1.30317
           0.13        1.30078
           0.12        1.30477
           0.11        1.31652
            0.1        1.33793
           0.09        1.37179
           0.08        1.42229
           0.07        1.49603
           0.06        1.60399
           0.05        1.76602
           0.04        2.02176
           0.03        2.46378
           0.02        3.36986
