            1.9     0.00470008
           1.89     0.00488286
           1.88     0.00506102
           1.87      0.0052346
           1.86     0.00540364
           1.85     0.00556817
           1.84     0.00572824
           1.83     0.00588389
           1.82     0.00603514
           1.81     0.00618205
            1.8     0.00632465
           1.79     0.00646298
           1.78     0.00659708
           1.77     0.00672699
           1.76     0.00685275
           1.75     0.00697439
           1.74     0.00709196
           1.73      0.0072055
           1.72     0.00731504
           1.71     0.00742062
            1.7     0.00752229
           1.69     0.00762008
           1.68     0.00771404
           1.67     0.00780419
           1.66     0.00789059
           1.65     0.00797327
           1.64     0.00805226
           1.63     0.00812762
           1.62     0.00819938
           1.61     0.00826757
            1.6     0.00833224
           1.59     0.00839344
           1.58     0.00845119
           1.57     0.00850553
           1.56     0.00855652
           1.55     0.00860418
           1.54     0.00864856
           1.53     0.00868969
           1.52     0.00872763
           1.51      0.0087624
            1.5     0.00879405
           1.49     0.00882261
           1.48     0.00884813
           1.47     0.00887066
           1.46     0.00889021
           1.45     0.00890685
           1.44     0.00892061
           1.43     0.00893152
           1.42     0.00893964
           1.41       0.008945
            1.4     0.00894763
           1.39     0.00894759
           1.38     0.00894491
           1.37     0.00893964
           1.36     0.00893181
           1.35     0.00892146
           1.34     0.00890864
           1.33     0.00889339
           1.32     0.00887575
           1.31     0.00885575
            1.3     0.00883345
           1.29     0.00880888
           1.28     0.00878209
           1.27     0.00875311
           1.26     0.00872198
           1.25     0.00868876
           1.24     0.00865347
           1.23     0.00861617
           1.22      0.0085769
           1.21     0.00853569
            1.2     0.00849259
           1.19     0.00844764
           1.18     0.00840088
           1.17     0.00835236
           1.16     0.00830212
           1.15      0.0082502
           1.14     0.00819664
           1.13     0.00814149
           1.12     0.00808479
           1.11     0.00802658
            1.1     0.00796691
           1.09     0.00790581
           1.08     0.00784334
           1.07     0.00777953
           1.06     0.00771443
           1.05     0.00764808
           1.04     0.00758053
           1.03     0.00751182
           1.02     0.00744199
           1.01     0.00737109
              1     0.00729916
           0.99     0.00722624
           0.98     0.00715239
           0.97     0.00707763
           0.96     0.00700203
           0.95     0.00692562
           0.94     0.00684844
           0.93     0.00677054
           0.92     0.00669197
           0.91     0.00661277
            0.9     0.00653299
           0.89     0.00645266
           0.88     0.00637184
           0.87     0.00629056
           0.86     0.00620888
           0.85     0.00612683
           0.84     0.00604446
           0.83     0.00596182
           0.82     0.00587895
           0.81     0.00579589
            0.8      0.0057127
           0.79      0.0056294
           0.78     0.00554605
           0.77     0.00546268
           0.76     0.00537935
           0.75      0.0052961
           0.74     0.00521296
           0.73     0.00512998
           0.72     0.00504721
           0.71     0.00496468
            0.7     0.00488244
           0.69     0.00480052
           0.68     0.00471897
           0.67     0.00463783
           0.66     0.00455714
           0.65     0.00447693
           0.64     0.00439724
           0.63     0.00431812
           0.62     0.00423959
           0.61     0.00416169
            0.6     0.00408446
           0.59     0.00400793
           0.58     0.00393213
           0.57      0.0038571
           0.56     0.00378285
           0.55     0.00370944
           0.54     0.00363687
           0.53     0.00356517
           0.52     0.00349438
           0.51     0.00342451
            0.5     0.00335558
           0.49     0.00328761
           0.48     0.00322061
           0.47     0.00315462
           0.46     0.00308962
           0.45     0.00302564
           0.44     0.00296269
           0.43     0.00290076
           0.42     0.00283986
           0.41     0.00277999
            0.4     0.00272115
           0.39     0.00266333
           0.38     0.00260651
           0.37      0.0025507
           0.36     0.00249586
           0.35     0.00244199
           0.34     0.00238906
           0.33     0.00233703
           0.32     0.00228589
           0.31      0.0022356
            0.3     0.00218611
           0.29     0.00213739
           0.28     0.00208938
           0.27     0.00204205
           0.26     0.00199533
           0.25     0.00194917
           0.24      0.0019035
           0.23     0.00185826
           0.22     0.00181337
           0.21     0.00176877
            0.2     0.00172437
           0.19      0.0016801
           0.18     0.00163586
           0.17     0.00159158
           0.16     0.00154715
           0.15      0.0015025
           0.14     0.00145751
           0.13      0.0014121
           0.12     0.00136616
           0.11     0.00131961
            0.1     0.00127232
           0.09     0.00122422
           0.08      0.0011752
           0.07     0.00112516
           0.06     0.00107402
           0.05     0.00102167
           0.04    0.000968031
           0.03    0.000913028
           0.02    0.000856583
