            1.9        26.5261
           1.89        26.2124
           1.88        25.9017
           1.87        25.5941
           1.86        25.2893
           1.85        24.9876
           1.84        24.6887
           1.83        24.3928
           1.82        24.0997
           1.81        23.8095
            1.8        23.5221
           1.79        23.2376
           1.78        22.9558
           1.77        22.6768
           1.76        22.4005
           1.75         22.127
           1.74        21.8561
           1.73         21.588
           1.72        21.3225
           1.71        21.0596
            1.7        20.7994
           1.69        20.5418
           1.68        20.2867
           1.67        20.0342
           1.66        19.7843
           1.65        19.5368
           1.64        19.2919
           1.63        19.0495
           1.62        18.8095
           1.61        18.5719
            1.6        18.3368
           1.59        18.1041
           1.58        17.8737
           1.57        17.6458
           1.56        17.4201
           1.55        17.1968
           1.54        16.9758
           1.53        16.7571
           1.52        16.5407
           1.51        16.3265
            1.5        16.1146
           1.49        15.9049
           1.48        15.6973
           1.47         15.492
           1.46        15.2888
           1.45        15.0878
           1.44        14.8888
           1.43         14.692
           1.42        14.4973
           1.41        14.3047
            1.4        14.1141
           1.39        13.9256
           1.38        13.7391
           1.37        13.5546
           1.36        13.3721
           1.35        13.1916
           1.34         13.013
           1.33        12.8364
           1.32        12.6617
           1.31        12.4889
            1.3         12.318
           1.29         12.149
           1.28        11.9819
           1.27        11.8166
           1.26        11.6532
           1.25        11.4915
           1.24        11.3317
           1.23        11.1737
           1.22        11.0174
           1.21        10.8629
            1.2        10.7101
           1.19        10.5591
           1.18        10.4098
           1.17        10.2622
           1.16        10.1163
           1.15          9.972
           1.14        9.82941
           1.13        9.68847
           1.12        9.54916
           1.11        9.41147
            1.1        9.27538
           1.09        9.14089
           1.08        9.00798
           1.07        8.87663
           1.06        8.74684
           1.05        8.61859
           1.04        8.49186
           1.03        8.36665
           1.02        8.24295
           1.01        8.12074
              1              8
           0.99        7.88073
           0.98        7.76292
           0.97        7.64655
           0.96        7.53161
           0.95        7.41809
           0.94        7.30597
           0.93        7.19526
           0.92        7.08593
           0.91        6.97797
            0.9        6.87138
           0.89        6.76614
           0.88        6.66225
           0.87        6.55968
           0.86        6.45844
           0.85         6.3585
           0.84        6.25987
           0.83        6.16252
           0.82        6.06646
           0.81        5.97167
            0.8        5.87813
           0.79        5.78585
           0.78        5.69481
           0.77          5.605
           0.76        5.51641
           0.75        5.42904
           0.74        5.34287
           0.73        5.25789
           0.72         5.1741
           0.71        5.09149
            0.7        5.01005
           0.69        4.92977
           0.68        4.85064
           0.67        4.77266
           0.66        4.69581
           0.65        4.62009
           0.64        4.54549
           0.63          4.472
           0.62        4.39962
           0.61        4.32833
            0.6        4.25813
           0.59        4.18902
           0.58        4.12098
           0.57        4.05401
           0.56        3.98811
           0.55        3.92325
           0.54        3.85945
           0.53        3.79669
           0.52        3.73496
           0.51        3.67426
            0.5        3.61458
           0.49        3.55592
           0.48        3.49828
           0.47        3.44163
           0.46        3.38599
           0.45        3.33134
           0.44        3.27767
           0.43        3.22499
           0.42        3.17329
           0.41        3.12256
            0.4         3.0728
           0.39          3.024
           0.38        2.97616
           0.37        2.92927
           0.36        2.88333
           0.35        2.83834
           0.34        2.79428
           0.33        2.75116
           0.32        2.70898
           0.31        2.66772
            0.3        2.62738
           0.29        2.58797
           0.28        2.54947
           0.27        2.51189
           0.26        2.47522
           0.25        2.43945
           0.24        2.40459
           0.23        2.37063
           0.22        2.33757
           0.21        2.30541
            0.2        2.27413
           0.19        2.24375
           0.18        2.21426
           0.17        2.18565
           0.16        2.15793
           0.15        2.13109
           0.14        2.10513
           0.13        2.08004
           0.12        2.05584
           0.11        2.03251
            0.1        2.01005
           0.09        1.98847
           0.08        1.96775
           0.07        1.94791
           0.06        1.92894
           0.05        1.91084
           0.04         1.8936
           0.03        1.87723
           0.02        1.86173
