            1.9        22.4507
           1.89        22.2084
           1.88        21.9683
           1.87        21.7304
           1.86        21.4947
           1.85        21.2612
           1.84        21.0298
           1.83        20.8006
           1.82        20.5736
           1.81        20.3487
            1.8        20.1259
           1.79        19.9052
           1.78        19.6865
           1.77          19.47
           1.76        19.2554
           1.75         19.043
           1.74        18.8325
           1.73        18.6241
           1.72        18.4176
           1.71        18.2132
            1.7        18.0107
           1.69        17.8102
           1.68        17.6116
           1.67        17.4149
           1.66        17.2202
           1.65        17.0273
           1.64        16.8364
           1.63        16.6473
           1.62        16.4601
           1.61        16.2747
            1.6        16.0912
           1.59        15.9095
           1.58        15.7296
           1.57        15.5515
           1.56        15.3752
           1.55        15.2007
           1.54        15.0279
           1.53        14.8569
           1.52        14.6876
           1.51          14.52
            1.5        14.3542
           1.49          14.19
           1.48        14.0276
           1.47        13.8668
           1.46        13.7076
           1.45        13.5502
           1.44        13.3943
           1.43        13.2401
           1.42        13.0876
           1.41        12.9366
            1.4        12.7872
           1.39        12.6394
           1.38        12.4932
           1.37        12.3485
           1.36        12.2054
           1.35        12.0638
           1.34        11.9238
           1.33        11.7853
           1.32        11.6483
           1.31        11.5127
            1.3        11.3787
           1.29        11.2461
           1.28        11.1151
           1.27        10.9854
           1.26        10.8572
           1.25        10.7305
           1.24        10.6051
           1.23        10.4812
           1.22        10.3587
           1.21        10.2376
            1.2        10.1179
           1.19        9.99951
           1.18        9.88253
           1.17         9.7669
           1.16        9.65261
           1.15        9.53967
           1.14        9.42805
           1.13        9.31776
           1.12        9.20877
           1.11        9.10109
            1.1         8.9947
           1.09        8.88959
           1.08        8.78576
           1.07         8.6832
           1.06        8.58189
           1.05        8.48184
           1.04        8.38302
           1.03        8.28544
           1.02        8.18908
           1.01        8.09393
              1              8
           0.99        7.90727
           0.98        7.81572
           0.97        7.72536
           0.96        7.63618
           0.95        7.54817
           0.94        7.46132
           0.93        7.37562
           0.92        7.29106
           0.91        7.20765
            0.9        7.12537
           0.89        7.04421
           0.88        6.96417
           0.87        6.88523
           0.86         6.8074
           0.85        6.73067
           0.84        6.65502
           0.83        6.58046
           0.82        6.50697
           0.81        6.43456
            0.8         6.3632
           0.79         6.2929
           0.78        6.22365
           0.77        6.15544
           0.76        6.08827
           0.75        6.02214
           0.74        5.95702
           0.73        5.89293
           0.72        5.82985
           0.71        5.76777
            0.7         5.7067
           0.69        5.64662
           0.68        5.58754
           0.67        5.52944
           0.66        5.47232
           0.65        5.41617
           0.64        5.36099
           0.63        5.30678
           0.62        5.25352
           0.61        5.20122
            0.6        5.14987
           0.59        5.09946
           0.58        5.04999
           0.57        5.00145
           0.56        4.95385
           0.55        4.90717
           0.54        4.86141
           0.53        4.81657
           0.52        4.77264
           0.51        4.72962
            0.5         4.6875
           0.49        4.64628
           0.48        4.60596
           0.47        4.56653
           0.46        4.52799
           0.45        4.49034
           0.44        4.45356
           0.43        4.41766
           0.42        4.38264
           0.41        4.34849
            0.4         4.3152
           0.39        4.28278
           0.38        4.25122
           0.37        4.22051
           0.36        4.19067
           0.35        4.16167
           0.34        4.13352
           0.33        4.10622
           0.32        4.07976
           0.31        4.05415
            0.3        4.02937
           0.29        4.00542
           0.28        3.98232
           0.27        3.96004
           0.26        3.93859
           0.25        3.91797
           0.24        3.89817
           0.23         3.8792
           0.22        3.86105
           0.21        3.84371
            0.2         3.8272
           0.19         3.8115
           0.18        3.79662
           0.17        3.78255
           0.16        3.76929
           0.15        3.75684
           0.14        3.74519
           0.13        3.73436
           0.12        3.72434
           0.11        3.71512
            0.1         3.7067
           0.09        3.69909
           0.08        3.69228
           0.07        3.68627
           0.06        3.68107
           0.05        3.67667
           0.04        3.67307
           0.03        3.67027
           0.02        3.66827
