            1.9         14.228
           1.89        14.0078
           1.88        13.7916
           1.87        13.5794
           1.86        13.3712
           1.85        13.1667
           1.84         12.966
           1.83        12.7691
           1.82        12.5758
           1.81        12.3861
            1.8        12.1999
           1.79        12.0172
           1.78        11.8379
           1.77         11.662
           1.76        11.4894
           1.75          11.32
           1.74        11.1538
           1.73        10.9907
           1.72        10.8308
           1.71        10.6738
            1.7        10.5199
           1.69        10.3688
           1.68        10.2206
           1.67        10.0753
           1.66        9.93268
           1.65        9.79281
           1.64        9.65561
           1.63        9.52104
           1.62        9.38904
           1.61        9.25957
            1.6        9.13259
           1.59        9.00804
           1.58        8.88588
           1.57        8.76607
           1.56        8.64857
           1.55        8.53333
           1.54        8.42031
           1.53        8.30946
           1.52        8.20075
           1.51        8.09414
            1.5        7.98958
           1.49        7.88704
           1.48        7.78648
           1.47        7.68786
           1.46        7.59114
           1.45        7.49629
           1.44        7.40326
           1.43        7.31203
           1.42        7.22256
           1.41        7.13481
            1.4        7.04875
           1.39        6.96434
           1.38        6.88156
           1.37        6.80037
           1.36        6.72074
           1.35        6.64264
           1.34        6.56603
           1.33        6.49089
           1.32        6.41719
           1.31        6.34489
            1.3        6.27398
           1.29        6.20441
           1.28        6.13617
           1.27        6.06923
           1.26        6.00356
           1.25        5.93913
           1.24        5.87592
           1.23         5.8139
           1.22        5.75305
           1.21        5.69335
            1.2        5.63477
           1.19        5.57729
           1.18        5.52089
           1.17        5.46554
           1.16        5.41122
           1.15        5.35791
           1.14        5.30559
           1.13        5.25425
           1.12        5.20385
           1.11        5.15439
            1.1        5.10584
           1.09        5.05818
           1.08         5.0114
           1.07        4.96547
           1.06        4.92039
           1.05        4.87614
           1.04        4.83269
           1.03        4.79003
           1.02        4.74815
           1.01        4.70704
              1        4.66667
           0.99        4.62703
           0.98        4.58811
           0.97        4.54991
           0.96        4.51239
           0.95        4.47555
           0.94        4.43938
           0.93        4.40387
           0.92        4.36901
           0.91        4.33477
            0.9        4.30116
           0.89        4.26817
           0.88        4.23577
           0.87        4.20397
           0.86        4.17275
           0.85        4.14211
           0.84        4.11203
           0.83        4.08251
           0.82        4.05355
           0.81        4.02512
            0.8        3.99723
           0.79        3.96986
           0.78        3.94302
           0.77        3.91669
           0.76        3.89087
           0.75        3.86556
           0.74        3.84074
           0.73        3.81642
           0.72        3.79258
           0.71        3.76923
            0.7        3.74636
           0.69        3.72396
           0.68        3.70203
           0.67        3.68057
           0.66        3.65958
           0.65        3.63905
           0.64        3.61898
           0.63        3.59937
           0.62        3.58021
           0.61        3.56151
            0.6        3.54325
           0.59        3.52545
           0.58         3.5081
           0.57         3.4912
           0.56        3.47474
           0.55        3.45873
           0.54        3.44317
           0.53        3.42806
           0.52         3.4134
           0.51        3.39918
            0.5        3.38542
           0.49         3.3721
           0.48        3.35923
           0.47        3.34682
           0.46        3.33486
           0.45        3.32336
           0.44        3.31231
           0.43        3.30173
           0.42         3.2916
           0.41        3.28194
            0.4        3.27275
           0.39        3.26402
           0.38        3.25577
           0.37        3.24799
           0.36        3.24069
           0.35        3.23388
           0.34        3.22754
           0.33         3.2217
           0.32        3.21635
           0.31         3.2115
            0.3        3.20714
           0.29        3.20329
           0.28        3.19996
           0.27        3.19713
           0.26        3.19482
           0.25        3.19303
           0.24        3.19177
           0.23        3.19105
           0.22        3.19086
           0.21        3.19121
            0.2        3.19211
           0.19        3.19356
           0.18        3.19556
           0.17        3.19813
           0.16        3.20127
           0.15        3.20498
           0.14        3.20927
           0.13        3.21415
           0.12        3.21961
           0.11        3.22567
            0.1        3.23234
           0.09        3.23961
           0.08        3.24749
           0.07        3.25599
           0.06        3.26512
           0.05        3.27488
           0.04        3.28527
           0.03        3.29631
           0.02        3.30799
