            1.9        311.062
           1.89        280.784
           1.88        255.557
           1.87        234.215
           1.86        215.926
           1.85         200.08
           1.84        186.218
           1.83         173.99
           1.82        163.125
           1.81        153.406
            1.8        144.663
           1.79        136.755
           1.78        129.569
           1.77        123.011
           1.76        117.002
           1.75        111.477
           1.74        106.379
           1.73        101.662
           1.72        97.2842
           1.71        93.2109
            1.7        89.4115
           1.69        85.8597
           1.68        82.5323
           1.67        79.4089
           1.66        76.4715
           1.65        73.7042
           1.64        71.0928
           1.63        68.6248
           1.62        66.2889
           1.61        64.0749
            1.6        61.9737
           1.59         59.977
           1.58        58.0775
           1.57        56.2683
           1.56        54.5434
           1.55        52.8971
           1.54        51.3243
           1.53        49.8204
           1.52         48.381
           1.51        47.0023
            1.5        45.6806
           1.49        44.4125
           1.48        43.1951
           1.47        42.0253
           1.46        40.9008
           1.45        39.8188
           1.44        38.7773
           1.43         37.774
           1.42        36.8071
           1.41        35.8747
            1.4         34.975
           1.39        34.1065
           1.38        33.2677
           1.37        32.4571
           1.36        31.6736
           1.35        30.9158
           1.34        30.1825
           1.33        29.4727
           1.32        28.7855
           1.31        28.1197
            1.3        27.4745
           1.29         26.849
           1.28        26.2424
           1.27         25.654
           1.26        25.0831
           1.25        24.5288
           1.24        23.9907
           1.23         23.468
           1.22        22.9602
           1.21        22.4668
            1.2        21.9871
           1.19        21.5208
           1.18        21.0672
           1.17        20.6261
           1.16        20.1969
           1.15        19.7792
           1.14        19.3726
           1.13        18.9768
           1.12        18.5914
           1.11         18.216
            1.1        17.8504
           1.09        17.4942
           1.08        17.1471
           1.07        16.8088
           1.06        16.4791
           1.05        16.1577
           1.04        15.8444
           1.03        15.5388
           1.02        15.2408
           1.01        14.9502
              1        14.6667
           0.99        14.3901
           0.98        14.1203
           0.97         13.857
           0.96        13.6001
           0.95        13.3494
           0.94        13.1047
           0.93        12.8659
           0.92        12.6327
           0.91        12.4052
            0.9        12.1831
           0.89        11.9662
           0.88        11.7545
           0.87        11.5478
           0.86         11.346
           0.85         11.149
           0.84        10.9567
           0.83        10.7689
           0.82        10.5855
           0.81        10.4065
            0.8        10.2318
           0.79        10.0612
           0.78        9.89461
           0.77        9.73202
           0.76        9.57331
           0.75         9.4184
           0.74        9.26722
           0.73        9.11968
           0.72        8.97571
           0.71        8.83525
            0.7        8.69822
           0.69        8.56455
           0.68         8.4342
           0.67        8.30709
           0.66        8.18317
           0.65        8.06239
           0.64        7.94469
           0.63        7.83002
           0.62        7.71833
           0.61        7.60959
            0.6        7.50375
           0.59        7.40076
           0.58         7.3006
           0.57        7.20322
           0.56        7.10859
           0.55        7.01669
           0.54        6.92749
           0.53        6.84096
           0.52        6.75708
           0.51        6.67584
            0.5        6.59722
           0.49        6.52121
           0.48         6.4478
           0.47        6.37699
           0.46        6.30877
           0.45        6.24316
           0.44        6.18016
           0.43        6.11979
           0.42        6.06206
           0.41        6.00701
            0.4        5.95467
           0.39        5.90507
           0.38        5.85828
           0.37        5.81435
           0.36        5.77335
           0.35        5.73536
           0.34        5.70048
           0.33        5.66883
           0.32        5.64053
           0.31        5.61573
            0.3        5.59462
           0.29         5.5774
           0.28        5.56431
           0.27        5.55562
           0.26        5.55166
           0.25        5.55283
           0.24        5.55956
           0.23        5.57239
           0.22        5.59196
           0.21        5.61903
            0.2        5.65452
           0.19        5.69955
           0.18        5.75548
           0.17        5.82402
           0.16        5.90731
           0.15        6.00803
           0.14        6.12968
           0.13        6.27681
           0.12        6.45552
           0.11         6.6741
            0.1        6.94419
           0.09        7.28262
           0.08        7.71462
           0.07        8.27984
           0.06        9.04442
           0.05        10.1274
           0.04        11.7668
           0.03        14.5183
           0.02        20.0484
