            1.9       -89.3221
           1.89       -80.2395
           1.88       -72.6721
           1.87       -66.2705
           1.86       -60.7848
           1.85       -56.0318
           1.84       -51.8743
           1.83       -48.2072
           1.82       -44.9487
           1.81       -42.0345
            1.8       -39.4127
           1.79       -37.0418
           1.78       -34.8875
           1.77       -32.9216
           1.76       -31.1206
           1.75       -29.4647
           1.74       -27.9371
           1.73       -26.5237
           1.72       -25.2121
           1.71        -23.992
            1.7       -22.8541
           1.69       -21.7906
           1.68       -20.7944
           1.67       -19.8595
           1.66       -18.9804
           1.65       -18.1524
           1.64       -17.3713
           1.63       -16.6332
           1.62       -15.9348
           1.61       -15.2731
            1.6       -14.6452
           1.59       -14.0487
           1.58       -13.4814
           1.57       -12.9413
           1.56       -12.4265
           1.55       -11.9353
           1.54       -11.4663
           1.53       -11.0179
           1.52        -10.589
           1.51       -10.1783
            1.5       -9.78472
           1.49       -9.40731
           1.48       -9.04512
           1.47        -8.6973
           1.46       -8.36305
           1.45       -8.04165
           1.44        -7.7324
           1.43       -7.43468
           1.42       -7.14789
           1.41       -6.87149
            1.4       -6.60495
           1.39       -6.34781
           1.38        -6.0996
           1.37       -5.85992
           1.36       -5.62836
           1.35       -5.40455
           1.34       -5.18815
           1.33       -4.97883
           1.32       -4.77628
           1.31       -4.58021
            1.3       -4.39034
           1.29       -4.20642
           1.28       -4.02821
           1.27       -3.85546
           1.26       -3.68797
           1.25       -3.52552
           1.24       -3.36792
           1.23       -3.21499
           1.22       -3.06654
           1.21       -2.92241
            1.2       -2.78244
           1.19       -2.64648
           1.18       -2.51438
           1.17       -2.38601
           1.16       -2.26123
           1.15       -2.13992
           1.14       -2.02197
           1.13       -1.90724
           1.12       -1.79565
           1.11       -1.68708
            1.1       -1.58143
           1.09       -1.47861
           1.08       -1.37853
           1.07        -1.2811
           1.06       -1.18623
           1.05       -1.09386
           1.04       -1.00389
           1.03      -0.916254
           1.02      -0.830884
           1.01       -0.74771
              1      -0.666667
           0.99       -0.58769
           0.98      -0.510719
           0.97      -0.435695
           0.96      -0.362563
           0.95      -0.291267
           0.94      -0.221755
           0.93      -0.153976
           0.92     -0.0878812
           0.91     -0.0234236
            0.9      0.0394428
           0.89       0.100762
           0.88       0.160577
           0.87        0.21893
           0.86       0.275859
           0.85       0.331405
           0.84       0.385606
           0.83       0.438497
           0.82       0.490114
           0.81       0.540493
            0.8       0.589667
           0.79       0.637668
           0.78       0.684529
           0.77        0.73028
           0.76       0.774953
           0.75       0.818576
           0.74        0.86118
           0.73       0.902792
           0.72        0.94344
           0.71       0.983152
            0.7        1.02195
           0.69        1.05987
           0.68        1.09694
           0.67        1.13317
           0.66        1.16859
           0.65        1.20323
           0.64        1.23712
           0.63        1.27027
           0.62        1.30272
           0.61        1.33448
            0.6        1.36559
           0.59        1.39606
           0.58        1.42592
           0.57        1.45519
           0.56        1.48391
           0.55        1.51208
           0.54        1.53975
           0.53        1.56693
           0.52        1.59365
           0.51        1.61995
            0.5        1.64583
           0.49        1.67134
           0.48        1.69651
           0.47        1.72136
           0.46        1.74592
           0.45        1.77024
           0.44        1.79433
           0.43        1.81825
           0.42        1.84203
           0.41        1.86571
            0.4        1.88933
           0.39        1.91295
           0.38        1.93661
           0.37        1.96037
           0.36        1.98429
           0.35        2.00844
           0.34        2.03288
           0.33         2.0577
           0.32        2.08299
           0.31        2.10884
            0.3        2.13537
           0.29        2.16269
           0.28        2.19096
           0.27        2.22032
           0.26        2.25097
           0.25        2.28311
           0.24        2.31699
           0.23        2.35289
           0.22        2.39116
           0.21        2.43218
            0.2        2.47644
           0.19        2.52452
           0.18        2.57712
           0.17        2.63509
           0.16        2.69953
           0.15        2.77181
           0.14        2.85367
           0.13        2.94742
           0.12        3.05612
           0.11        3.18392
            0.1        3.33668
           0.09        3.52279
           0.08        3.75491
           0.07        4.05288
           0.06        4.44977
           0.05        5.00511
           0.04        5.83795
           0.03        7.22608
           0.02        10.0028
