            1.9        13.6893
           1.89        13.4547
           1.88        13.2251
           1.87        13.0005
           1.86        12.7807
           1.85        12.5656
           1.84        12.3552
           1.83        12.1494
           1.82        11.9481
           1.81        11.7511
            1.8        11.5585
           1.79        11.3701
           1.78        11.1858
           1.77        11.0056
           1.76        10.8294
           1.75        10.6571
           1.74        10.4885
           1.73        10.3238
           1.72        10.1627
           1.71        10.0051
            1.7        9.85112
           1.69        9.70054
           1.68        9.55332
           1.67         9.4094
           1.66        9.26869
           1.65        9.13113
           1.64        8.99666
           1.63         8.8652
           1.62        8.73668
           1.61        8.61104
            1.6        8.48821
           1.59        8.36814
           1.58        8.25075
           1.57        8.13598
           1.56        8.02378
           1.55        7.91408
           1.54        7.80682
           1.53        7.70194
           1.52        7.59939
           1.51        7.49911
            1.5        7.40104
           1.49        7.30513
           1.48        7.21133
           1.47        7.11957
           1.46        7.02982
           1.45        6.94201
           1.44         6.8561
           1.43        6.77204
           1.42        6.68978
           1.41        6.60926
            1.4        6.53045
           1.39         6.4533
           1.38        6.37776
           1.37        6.30379
           1.36        6.23134
           1.35        6.16037
           1.34        6.09084
           1.33        6.02271
           1.32        5.95593
           1.31        5.89048
            1.3         5.8263
           1.29        5.76336
           1.28        5.70162
           1.27        5.64106
           1.26        5.58162
           1.25        5.52327
           1.24        5.46599
           1.23        5.40974
           1.22        5.35448
           1.21        5.30019
            1.2        5.24683
           1.19        5.19437
           1.18        5.14278
           1.17        5.09203
           1.16         5.0421
           1.15        4.99295
           1.14        4.94456
           1.13        4.89691
           1.12        4.84996
           1.11         4.8037
            1.1        4.75809
           1.09        4.71312
           1.08        4.66875
           1.07        4.62498
           1.06        4.58178
           1.05        4.53912
           1.04        4.49699
           1.03        4.45536
           1.02        4.41422
           1.01        4.37355
              1        4.33333
           0.99        4.29355
           0.98        4.25418
           0.97        4.21521
           0.96        4.17663
           0.95        4.13841
           0.94        4.10055
           0.93        4.06304
           0.92        4.02585
           0.91        3.98898
            0.9        3.95241
           0.89        3.91614
           0.88        3.88014
           0.87        3.84442
           0.86        3.80896
           0.85        3.77375
           0.84        3.73878
           0.83        3.70405
           0.82        3.66954
           0.81        3.63525
            0.8        3.60117
           0.79         3.5673
           0.78        3.53363
           0.77        3.50015
           0.76        3.46686
           0.75        3.43376
           0.74        3.40083
           0.73        3.36808
           0.72        3.33551
           0.71         3.3031
            0.7        3.27087
           0.69         3.2388
           0.68        3.20689
           0.67        3.17515
           0.66        3.14358
           0.65        3.11216
           0.64        3.08091
           0.63        3.04982
           0.62         3.0189
           0.61        2.98814
            0.6        2.95755
           0.59        2.92713
           0.58        2.89688
           0.57         2.8668
           0.56         2.8369
           0.55        2.80719
           0.54        2.77765
           0.53        2.74831
           0.52        2.71916
           0.51        2.69021
            0.5        2.66146
           0.49        2.63292
           0.48        2.60459
           0.47        2.57648
           0.46         2.5486
           0.45        2.52096
           0.44        2.49355
           0.43        2.46639
           0.42        2.43948
           0.41        2.41283
            0.4        2.38645
           0.39        2.36035
           0.38        2.33454
           0.37        2.30902
           0.36         2.2838
           0.35         2.2589
           0.34        2.23431
           0.33        2.21006
           0.32        2.18615
           0.31        2.16258
            0.3        2.13938
           0.29        2.11655
           0.28         2.0941
           0.27        2.07204
           0.26        2.05038
           0.25        2.02913
           0.24        2.00831
           0.23        1.98793
           0.22        1.96799
           0.21        1.94851
            0.2        1.92949
           0.19        1.91096
           0.18        1.89293
           0.17        1.87539
           0.16        1.85838
           0.15        1.84189
           0.14        1.82595
           0.13        1.81056
           0.12        1.79574
           0.11        1.78149
            0.1        1.76784
           0.09        1.75479
           0.08        1.74236
           0.07        1.73056
           0.06         1.7194
           0.05         1.7089
           0.04        1.69906
           0.03        1.68991
           0.02        1.68145
