            1.9        11.1384
           1.89        10.9357
           1.88        10.7377
           1.87        10.5443
           1.86        10.3553
           1.85        10.1708
           1.84        9.99064
           1.83        9.81469
           1.82        9.64289
           1.81        9.47515
            1.8         9.3114
           1.79        9.15153
           1.78        8.99549
           1.77        8.84317
           1.76        8.69451
           1.75        8.54942
           1.74        8.40783
           1.73        8.26966
           1.72        8.13483
           1.71        8.00327
            1.7         7.8749
           1.69        7.74965
           1.68        7.62745
           1.67        7.50823
           1.66        7.39191
           1.65        7.27844
           1.64        7.16774
           1.63        7.05974
           1.62        6.95438
           1.61         6.8516
            1.6        6.75132
           1.59         6.6535
           1.58        6.55806
           1.57        6.46494
           1.56        6.37409
           1.55        6.28544
           1.54        6.19894
           1.53        6.11452
           1.52        6.03214
           1.51        5.95174
            1.5        5.87326
           1.49        5.79666
           1.48        5.72186
           1.47        5.64884
           1.46        5.57752
           1.45        5.50787
           1.44        5.43984
           1.43        5.37337
           1.42        5.30842
           1.41        5.24495
            1.4         5.1829
           1.39        5.12223
           1.38         5.0629
           1.37        5.00487
           1.36        4.94808
           1.35        4.89251
           1.34        4.83811
           1.33        4.78483
           1.32        4.73265
           1.31        4.68152
            1.3        4.63141
           1.29        4.58227
           1.28        4.53408
           1.27        4.48679
           1.26        4.44038
           1.25         4.3948
           1.24        4.35003
           1.23        4.30604
           1.22        4.26278
           1.21        4.22024
            1.2        4.17838
           1.19        4.13717
           1.18        4.09659
           1.17         4.0566
           1.16        4.01719
           1.15        3.97831
           1.14        3.93995
           1.13        3.90209
           1.12        3.86469
           1.11        3.82773
            1.1         3.7912
           1.09        3.75506
           1.08        3.71931
           1.07        3.68391
           1.06        3.64884
           1.05        3.61409
           1.04        3.57964
           1.03        3.54547
           1.02        3.51155
           1.01        3.47789
              1        3.44444
           0.99        3.41121
           0.98        3.37818
           0.97        3.34533
           0.96        3.31264
           0.95        3.28011
           0.94        3.24771
           0.93        3.21545
           0.92         3.1833
           0.91        3.15125
            0.9         3.1193
           0.89        3.08743
           0.88        3.05564
           0.87        3.02391
           0.86        2.99224
           0.85        2.96061
           0.84        2.92902
           0.83        2.89747
           0.82        2.86595
           0.81        2.83444
            0.8        2.80295
           0.79        2.77147
           0.78           2.74
           0.77        2.70852
           0.76        2.67704
           0.75        2.64556
           0.74        2.61407
           0.73        2.58257
           0.72        2.55105
           0.71        2.51952
            0.7        2.48798
           0.69        2.45642
           0.68        2.42484
           0.67        2.39325
           0.66        2.36164
           0.65        2.33002
           0.64        2.29839
           0.63        2.26674
           0.62        2.23509
           0.61        2.20343
            0.6        2.17177
           0.59        2.14011
           0.58        2.10845
           0.57         2.0768
           0.56        2.04517
           0.55        2.01355
           0.54        1.98195
           0.53        1.95038
           0.52        1.91885
           0.51        1.88735
            0.5         1.8559
           0.49        1.82451
           0.48        1.79317
           0.47         1.7619
           0.46        1.73071
           0.45        1.69959
           0.44        1.66857
           0.43        1.63765
           0.42        1.60684
           0.41        1.57614
            0.4        1.54556
           0.39        1.51513
           0.38        1.48483
           0.37         1.4547
           0.36        1.42472
           0.35        1.39492
           0.34        1.36531
           0.33         1.3359
           0.32        1.30669
           0.31         1.2777
            0.3        1.24894
           0.29        1.22042
           0.28        1.19215
           0.27        1.16415
           0.26        1.13643
           0.25          1.109
           0.24        1.08186
           0.23        1.05505
           0.22        1.02855
           0.21         1.0024
            0.2       0.976604
           0.19       0.951172
           0.18       0.926118
           0.17       0.901457
           0.16       0.877201
           0.15       0.853364
           0.14       0.829961
           0.13       0.807004
           0.12       0.784507
           0.11       0.762484
            0.1       0.740949
           0.09       0.719917
           0.08       0.699401
           0.07       0.679415
           0.06       0.659973
           0.05        0.64109
           0.04        0.62278
           0.03       0.605058
           0.02       0.587936
