            1.9       -4.07535
           1.89       -4.00402
           1.88       -3.93346
           1.87       -3.86368
           1.86       -3.79467
           1.85       -3.72642
           1.84       -3.65891
           1.83       -3.59216
           1.82       -3.52613
           1.81       -3.46084
            1.8       -3.39627
           1.79       -3.33241
           1.78       -3.26926
           1.77       -3.20681
           1.76       -3.14505
           1.75       -3.08398
           1.74       -3.02359
           1.73       -2.96388
           1.72       -2.90482
           1.71       -2.84643
            1.7       -2.78868
           1.69       -2.73158
           1.68       -2.67512
           1.67       -2.61929
           1.66       -2.56409
           1.65        -2.5095
           1.64       -2.45552
           1.63       -2.40215
           1.62       -2.34938
           1.61        -2.2972
            1.6        -2.2456
           1.59       -2.19458
           1.58       -2.14414
           1.57       -2.09426
           1.56       -2.04493
           1.55       -1.99617
           1.54       -1.94795
           1.53       -1.90027
           1.52       -1.85312
           1.51       -1.80651
            1.5       -1.76042
           1.49       -1.71484
           1.48       -1.66978
           1.47       -1.62521
           1.46       -1.58115
           1.45       -1.53758
           1.44        -1.4945
           1.43        -1.4519
           1.42       -1.40978
           1.41       -1.36812
            1.4       -1.32693
           1.39        -1.2862
           1.38       -1.24592
           1.37       -1.20609
           1.36        -1.1667
           1.35       -1.12775
           1.34       -1.08923
           1.33       -1.05113
           1.32       -1.01346
           1.31        -0.9762
            1.3       -0.93935
           1.29      -0.902905
           1.28      -0.866859
           1.27      -0.831208
           1.26      -0.795946
           1.25      -0.761068
           1.24      -0.726569
           1.23      -0.692444
           1.22      -0.658689
           1.21      -0.625298
            1.2      -0.592267
           1.19       -0.55959
           1.18      -0.527263
           1.17      -0.495281
           1.16       -0.46364
           1.15      -0.432334
           1.14       -0.40136
           1.13      -0.370712
           1.12      -0.340387
           1.11      -0.310378
            1.1      -0.280683
           1.09      -0.251297
           1.08      -0.222215
           1.07      -0.193433
           1.06      -0.164946
           1.05      -0.136751
           1.04      -0.108843
           1.03     -0.0812181
           1.02      -0.053872
           1.01     -0.0268007
              1    5.55112e-16
           0.99       0.026534
           0.98      0.0528053
           0.97      0.0788179
           0.96       0.104576
           0.95       0.130082
           0.94       0.155342
           0.93       0.180358
           0.92       0.205135
           0.91       0.229675
            0.9       0.253983
           0.89       0.278063
           0.88       0.301917
           0.87        0.32555
           0.86       0.348965
           0.85       0.372166
           0.84       0.395155
           0.83       0.417936
           0.82       0.440513
           0.81       0.462889
            0.8       0.485067
           0.79        0.50705
           0.78       0.528842
           0.77       0.550445
           0.76       0.571863
           0.75       0.593099
           0.74       0.614156
           0.73       0.635036
           0.72       0.655744
           0.71       0.676281
            0.7        0.69665
           0.69       0.716855
           0.68       0.736898
           0.67       0.756781
           0.66       0.776509
           0.65       0.796082
           0.64       0.815505
           0.63       0.834778
           0.62       0.853906
           0.61        0.87289
            0.6       0.891733
           0.59       0.910438
           0.58       0.929006
           0.57        0.94744
           0.56       0.965743
           0.55       0.983916
           0.54        1.00196
           0.53        1.01988
           0.52        1.03768
           0.51        1.05536
            0.5        1.07292
           0.49        1.09036
           0.48        1.10769
           0.47         1.1249
           0.46          1.142
           0.45          1.159
           0.44        1.17589
           0.43        1.19267
           0.42        1.20935
           0.41        1.22592
            0.4         1.2424
           0.39        1.25878
           0.38        1.27506
           0.37        1.29124
           0.36        1.30733
           0.35        1.32333
           0.34        1.33924
           0.33        1.35506
           0.32        1.37079
           0.31        1.38643
            0.3        1.40198
           0.29        1.41745
           0.28        1.43284
           0.27        1.44815
           0.26        1.46337
           0.25        1.47852
           0.24        1.49358
           0.23        1.50857
           0.22        1.52348
           0.21        1.53831
            0.2        1.55307
           0.19        1.56775
           0.18        1.58236
           0.17        1.59689
           0.16        1.61136
           0.15        1.62575
           0.14        1.64007
           0.13        1.65432
           0.12         1.6685
           0.11        1.68261
            0.1        1.69665
           0.09        1.71062
           0.08        1.72453
           0.07        1.73836
           0.06        1.75213
           0.05        1.76583
           0.04        1.77947
           0.03        1.79303
           0.02        1.80653
