       1         1.1849        1.35417
    0.99         1.1715        1.34255
    0.98        1.15827        1.33103
    0.97        1.14519        1.31961
    0.96        1.13228        1.30829
    0.95        1.11952        1.29706
    0.94        1.10692        1.28593
    0.93        1.09447        1.27489
    0.92        1.08219        1.26395
    0.91        1.07005         1.2531
     0.9        1.05807        1.24233
    0.89        1.04624        1.23166
    0.88        1.03456        1.22108
    0.87        1.02304        1.21058
    0.86        1.01166        1.20018
    0.85        1.00043        1.18985
    0.84       0.989349        1.17962
    0.83       0.978414        1.16946
    0.82       0.967625        1.15939
    0.81       0.956981        1.14941
     0.8       0.946481         1.1395
    0.79       0.936125        1.12967
    0.78        0.92591        1.11993
    0.77       0.915837        1.11026
    0.76       0.905905        1.10066
    0.75       0.896112        1.09115
    0.74       0.886459         1.0817
    0.73       0.876943        1.07234
    0.72       0.867564        1.06304
    0.71       0.858322        1.05382
     0.7       0.849216        1.04467
    0.69       0.840244        1.03558
    0.68       0.831406        1.02657
    0.67       0.822702        1.01763
    0.66        0.81413        1.00875
    0.65        0.80569       0.999937
    0.64       0.797382       0.991191
    0.63       0.789203       0.982508
    0.62       0.781154       0.973888
    0.61       0.773234        0.96533
     0.6       0.765443       0.956833
    0.59       0.757779       0.948396
    0.58       0.750242       0.940019
    0.57       0.742831       0.931699
    0.56       0.735546       0.923436
    0.55       0.728386       0.915229
    0.54       0.721351       0.907077
    0.53        0.71444       0.898979
    0.52       0.707652       0.890935
    0.51       0.700987       0.882942
     0.5       0.694444          0.875
    0.49       0.688024       0.867108
    0.48       0.681725       0.859265
    0.47       0.675547        0.85147
    0.46       0.669489       0.843723
    0.45       0.663552       0.836021
    0.44       0.657734       0.828364
    0.43       0.652036       0.820751
    0.42       0.646457       0.813181
    0.41       0.640996       0.805653
     0.4       0.635655       0.798167
    0.39       0.630431        0.79072
    0.38       0.625326       0.783312
    0.37       0.620339       0.775942
    0.36       0.615469       0.768609
    0.35       0.610717       0.761312
    0.34       0.606082       0.754051
    0.33       0.601565       0.746823
    0.32       0.597165       0.739628
    0.31       0.592883       0.732465
     0.3       0.588718       0.725333
    0.29       0.584671       0.718232
    0.28       0.580741       0.711159
    0.27        0.57693       0.704114
    0.26       0.573236       0.697096
    0.25       0.569661       0.690104
    0.24       0.566205       0.683137
    0.23       0.562868       0.676195
    0.22       0.559651       0.669275
    0.21       0.556553       0.662377
     0.2       0.553576         0.6555
    0.19       0.550721       0.648643
    0.18       0.547987       0.641805
    0.17       0.545376       0.634985
    0.16       0.542888       0.628183
    0.15       0.540524       0.621396
    0.14       0.538286       0.614624
    0.13       0.536174       0.607866
    0.12       0.534189       0.601121
    0.11       0.532333       0.594388
     0.1       0.530606       0.587667
    0.09       0.529011       0.580955
    0.08       0.527548       0.574252
    0.07        0.52622       0.567557
    0.06       0.525027       0.560869
    0.05       0.523972       0.554188
    0.04       0.523057       0.547511
    0.03       0.522283       0.540838
    0.02       0.521653       0.534168
    0.01       0.521169         0.5275
