       1   1.33333   1.33333
    0.99   1.31347   1.32673
    0.98   1.29386   1.32027
    0.97   1.27452   1.31393
    0.96   1.25545   1.30773
    0.95   1.23662   1.30167
    0.94   1.21806   1.29574
    0.93   1.19975   1.28994
    0.92    1.1817   1.28427
    0.91   1.16389   1.27875
     0.9   1.14633   1.27335
    0.89   1.12902   1.26809
    0.88   1.11196   1.26297
    0.87   1.09513   1.25799
    0.86   1.07855   1.25314
    0.85   1.06221   1.24843
    0.84    1.0461   1.24386
    0.83   1.03023   1.23943
    0.82   1.01459   1.23515
    0.81   0.99918     1.231
     0.8     0.984     1.227
    0.79  0.969046   1.22314
    0.78  0.954317   1.21943
    0.77  0.939811   1.21587
    0.76  0.925525   1.21246
    0.75  0.911458    1.2092
    0.74  0.897608    1.2061
    0.73  0.883972   1.20315
    0.72  0.870549   1.20036
    0.71  0.857337   1.19773
     0.7  0.844333   1.19526
    0.69  0.831536   1.19296
    0.68  0.818944   1.19084
    0.67  0.806554   1.18888
    0.66  0.794365   1.18711
    0.65  0.782375   1.18551
    0.64  0.770581   1.18411
    0.63  0.758982   1.18289
    0.62  0.747576   1.18187
    0.61   0.73636   1.18105
     0.6  0.725333   1.18044
    0.59  0.714493   1.18005
    0.58  0.703837   1.17987
    0.57  0.693364   1.17993
    0.56  0.683072   1.18022
    0.55  0.672958   1.18076
    0.54  0.663021   1.18155
    0.53  0.653259   1.18261
    0.52  0.643669   1.18395
    0.51   0.63425   1.18557
     0.5     0.625    1.1875
    0.49  0.615916   1.18974
    0.48  0.606997   1.19232
    0.47  0.598241   1.19525
    0.46  0.589645   1.19854
    0.45  0.581208   1.20222
    0.44  0.572928   1.20632
    0.43  0.564802   1.21085
    0.42  0.556829   1.21584
    0.41  0.549007   1.22132
     0.4  0.541333   1.22733
    0.39  0.533806    1.2339
    0.38  0.526424   1.24108
    0.37  0.519184   1.24889
    0.36  0.512085   1.25741
    0.35  0.505125   1.26667
    0.34  0.498301   1.27675
    0.33  0.491612   1.28771
    0.32  0.485056   1.29963
    0.31   0.47863    1.3126
     0.3  0.472333   1.32672
    0.29  0.466163   1.34211
    0.28  0.460117    1.3589
    0.27  0.454194   1.37723
    0.26  0.448392   1.39729
    0.25  0.442708   1.41927
    0.24  0.437141   1.44342
    0.23  0.431689      1.47
    0.22  0.426349   1.49935
    0.21   0.42112   1.53186
     0.2     0.416     1.568
    0.19  0.410986   1.60834
    0.18  0.406077   1.65356
    0.17  0.401271   1.70454
    0.16  0.396565   1.76235
    0.15  0.391958   1.82834
    0.14  0.387448   1.90427
    0.13  0.383032   1.99242
    0.12  0.378709   2.09584
    0.11  0.374477   2.21871
     0.1  0.370333   2.36683
    0.09  0.366276   2.54864
    0.08  0.362304   2.77675
    0.07  0.358414   3.07101
    0.06  0.354605   3.46448
    0.05  0.350875   4.01669
    0.04  0.347221   4.84668
    0.03  0.343642   6.23223
    0.02  0.340136   9.00667
    0.01    0.3367   17.3367
