       1  0.666667  0.666667
    0.99   0.65345  0.666717
    0.98  0.640464  0.666868
    0.97  0.627708  0.667121
    0.96  0.615179  0.667478
    0.95  0.602875  0.667939
    0.94  0.590795  0.668506
    0.93  0.578936   0.66918
    0.92  0.567296  0.669963
    0.91  0.555874  0.670856
     0.9  0.544667  0.671861
    0.89  0.533673   0.67298
    0.88  0.522891  0.674214
    0.87  0.512318  0.675565
    0.86  0.501952  0.677036
    0.85  0.491792  0.678628
    0.84  0.481835  0.680344
    0.83  0.472079  0.682187
    0.82  0.462523  0.684159
    0.81  0.453164  0.686262
     0.8     0.444    0.6885
    0.79   0.43503  0.690876
    0.78  0.426251  0.693392
    0.77  0.417661  0.696053
    0.76  0.409259  0.698862
    0.75  0.401042  0.701823
    0.74  0.393008   0.70494
    0.73  0.385156  0.708217
    0.72  0.377483   0.71166
    0.71  0.369987  0.715272
     0.7  0.362667   0.71906
    0.69   0.35552  0.723028
    0.68  0.348544  0.727183
    0.67  0.341738  0.731531
    0.66  0.335099  0.736079
    0.65  0.328625  0.740834
    0.64  0.322315  0.745804
    0.63  0.316166  0.750996
    0.62  0.310176   0.75642
    0.61  0.304344  0.762084
     0.6  0.298667     0.768
    0.59  0.293143  0.774177
    0.58  0.287771  0.780627
    0.57  0.282548  0.787363
    0.56  0.277472  0.794397
    0.55  0.272542  0.801743
    0.54  0.267755  0.809418
    0.53  0.263109  0.817438
    0.52  0.258603   0.82582
    0.51  0.254234  0.834584
     0.5      0.25   0.84375
    0.49    0.2459  0.853341
    0.48  0.241931  0.863383
    0.47  0.238091    0.8739
    0.46  0.234379  0.884923
    0.45  0.230792  0.896483
    0.44  0.227328  0.908614
    0.43  0.223986  0.921354
    0.42  0.220763  0.934745
    0.41  0.217657  0.948833
     0.4  0.214667  0.963667
    0.39   0.21179  0.979302
    0.38  0.209024  0.995801
    0.37  0.206368   1.01323
    0.36  0.203819   1.03167
    0.35  0.201375   1.05119
    0.34  0.199035    1.0719
    0.33  0.196796    1.0939
    0.32  0.194656   1.11731
    0.31  0.192614   1.14227
     0.3  0.190667   1.16892
    0.29  0.188813   1.19743
    0.28  0.187051   1.22802
    0.27  0.185378    1.2609
    0.26  0.183792   1.29634
    0.25  0.182292   1.33464
    0.24  0.180875   1.37615
    0.23  0.179539    1.4213
    0.22  0.178283   1.47058
    0.21  0.177104   1.52458
     0.2     0.176     1.584
    0.19   0.17497   1.64969
    0.18  0.174011   1.72271
    0.17  0.173121   1.80433
    0.16  0.172299   1.89617
    0.15  0.171542   2.00028
    0.14  0.170848   2.11928
    0.13  0.170216   2.25659
    0.12  0.169643   2.41681
    0.11  0.169127   2.60617
     0.1  0.168667   2.83342
    0.09   0.16826   3.11117
    0.08  0.167904   3.45838
    0.07  0.167598   3.90479
    0.06  0.167339   4.50002
    0.05  0.167125   5.33334
    0.04  0.166955   6.58334
    0.03  0.166826   8.66667
    0.02  0.166736   12.8333
    0.01  0.166684   25.3333
