       1       0.666667       0.666667
    0.99       0.660017       0.660016
    0.98         0.6534       0.653399
    0.97       0.646817       0.646812
    0.96       0.640267       0.640256
    0.95        0.63375       0.633729
    0.94       0.627267        0.62723
    0.93       0.620817       0.620757
    0.92         0.6144       0.614311
    0.91       0.608017       0.607889
     0.9       0.601667       0.601491
    0.89        0.59535       0.595114
    0.88       0.589067       0.588759
    0.87       0.582817       0.582423
    0.86         0.5766       0.576105
    0.85       0.570417       0.569805
    0.84       0.564267       0.563519
    0.83        0.55815       0.557247
    0.82       0.552067       0.550988
    0.81       0.546017       0.544739
     0.8           0.54         0.5385
    0.79       0.534017       0.532268
    0.78       0.528067       0.526042
    0.77        0.52215       0.519819
    0.76       0.516267       0.513599
    0.75       0.510417       0.507378
    0.74         0.5046       0.501156
    0.73       0.498817       0.494929
    0.72       0.493067       0.488697
    0.71        0.48735       0.482455
     0.7       0.481667       0.476202
    0.69       0.476017       0.469936
    0.68         0.4704       0.463654
    0.67       0.464817       0.457352
    0.66       0.459267       0.451029
    0.65        0.45375        0.44468
    0.64       0.448267       0.438304
    0.63       0.442817       0.431895
    0.62         0.4374       0.425452
    0.61       0.432017        0.41897
     0.6       0.426667       0.412444
    0.59        0.42135       0.405872
    0.58       0.416067       0.399248
    0.57       0.410817       0.392567
    0.56         0.4056       0.385825
    0.55       0.400417       0.379016
    0.54       0.395267       0.372134
    0.53        0.39015       0.365174
    0.52       0.385067       0.358128
    0.51       0.380017       0.350989
     0.5          0.375        0.34375
    0.49       0.370017       0.336403
    0.48       0.365067       0.328938
    0.47        0.36015       0.321347
    0.46       0.355267       0.313619
    0.45       0.350417       0.305742
    0.44         0.3456       0.297705
    0.43       0.340817       0.289494
    0.42       0.336067       0.281095
    0.41        0.33135       0.272491
     0.4       0.326667       0.263667
    0.39       0.322017       0.254601
    0.38         0.3174       0.245274
    0.37       0.312817       0.235663
    0.36       0.308267        0.22574
    0.35        0.30375       0.215478
    0.34       0.299267       0.204844
    0.33       0.294817       0.193803
    0.32         0.2904       0.182314
    0.31       0.286017       0.170332
     0.3       0.281667       0.157806
    0.29        0.27735       0.144676
    0.28       0.273067       0.130877
    0.27       0.268817       0.116332
    0.26         0.2646       0.100952
    0.25       0.260417      0.0846354
    0.24       0.256267      0.0672631
    0.23        0.25215      0.0486951
    0.22       0.248067      0.0287661
    0.21       0.244017     0.00727969
     0.2           0.24         -0.016
    0.19       0.236017     -0.0413582
    0.18       0.232067     -0.0691436
    0.17        0.22815     -0.0997867
    0.16       0.224267      -0.133825
    0.15       0.220417      -0.171941
    0.14         0.2166      -0.215009
    0.13       0.212817      -0.264176
    0.12       0.209067      -0.320967
    0.11        0.20535      -0.387465
     0.1       0.201667      -0.466583
    0.09       0.198017      -0.562532
    0.08         0.1944      -0.681624
    0.07       0.190817      -0.833781
    0.06       0.187267       -1.03554
    0.05        0.18375       -1.31666
    0.04       0.180267       -1.73666
    0.03       0.176817       -2.43444
    0.02         0.1734       -3.82667
    0.01       0.170017       -7.99667
