       1       0.428385        1.35417
    0.99        0.42265        1.34255
    0.98       0.416966        1.33103
    0.97       0.411333        1.31961
    0.96       0.405751        1.30829
    0.95        0.40022        1.29706
    0.94       0.394738        1.28593
    0.93       0.389306        1.27489
    0.92       0.383922        1.26395
    0.91       0.378586         1.2531
     0.9       0.373298        1.24233
    0.89       0.368058        1.23166
    0.88       0.362863        1.22108
    0.87       0.357716        1.21058
    0.86       0.352613        1.20018
    0.85       0.347556        1.18985
    0.84       0.342543        1.17962
    0.83       0.337574        1.16946
    0.82       0.332649        1.15939
    0.81       0.327766        1.14941
     0.8       0.322926         1.1395
    0.79       0.318127        1.12967
    0.78        0.31337        1.11993
    0.77       0.308653        1.11026
    0.76       0.303977        1.10066
    0.75        0.29934        1.09115
    0.74       0.294741         1.0817
    0.73       0.290181        1.07234
    0.72       0.285659        1.06304
    0.71       0.281174        1.05382
     0.7       0.276725        1.04467
    0.69       0.272313        1.03558
    0.68       0.267935        1.02657
    0.67       0.263593        1.01763
    0.66       0.259284        1.00875
    0.65       0.255009       0.999937
    0.64       0.250767       0.991191
    0.63       0.246556       0.982508
    0.62       0.242378       0.973888
    0.61        0.23823        0.96533
     0.6       0.234112       0.956833
    0.59       0.230024       0.948396
    0.58       0.225964       0.940019
    0.57       0.221933       0.931699
    0.56        0.21793       0.923436
    0.55       0.213953       0.915229
    0.54       0.210002       0.907077
    0.53       0.206076       0.898979
    0.52       0.202175       0.890935
    0.51       0.198298       0.882942
     0.5       0.194444          0.875
    0.49       0.190613       0.867108
    0.48       0.186803       0.859265
    0.47       0.183014        0.85147
    0.46       0.179245       0.843723
    0.45       0.175495       0.836021
    0.44       0.171764       0.828364
    0.43        0.16805       0.820751
    0.42       0.164353       0.813181
    0.41       0.160672       0.805653
     0.4       0.157006       0.798167
    0.39       0.153354        0.79072
    0.38       0.149716       0.783312
    0.37        0.14609       0.775942
    0.36       0.142475       0.768609
    0.35       0.138871       0.761312
    0.34       0.135276       0.754051
    0.33        0.13169       0.746823
    0.32       0.128112       0.739628
    0.31        0.12454       0.732465
     0.3       0.120974       0.725333
    0.29       0.117413       0.718232
    0.28       0.113855       0.711159
    0.27       0.110299       0.704114
    0.26       0.106744       0.697096
    0.25        0.10319       0.690104
    0.24      0.0996347       0.683137
    0.23      0.0960771       0.676195
    0.22       0.092516       0.669275
    0.21      0.0889502       0.662377
     0.2      0.0853785         0.6555
    0.19      0.0817995       0.648643
    0.18      0.0782119       0.641805
    0.17      0.0746143       0.634985
    0.16      0.0710054       0.628183
    0.15      0.0673837       0.621396
    0.14      0.0637477       0.614624
    0.13       0.060096       0.607866
    0.12      0.0564269       0.601121
    0.11      0.0527389       0.594388
     0.1      0.0490303       0.587667
    0.09      0.0452995       0.580955
    0.08      0.0415447       0.574252
    0.07      0.0377641       0.567557
    0.06      0.0339559       0.560869
    0.05      0.0301182       0.554188
    0.04       0.026249       0.547511
    0.03      0.0223464       0.540838
    0.02      0.0184083       0.534168
    0.01      0.0144324         0.5275
