       1        0.75651       0.927083
    0.99        0.74885       0.921275
    0.98         0.7413       0.915516
    0.97       0.733858       0.909806
    0.96       0.726524       0.904145
    0.95       0.719299       0.898531
    0.94        0.71218       0.892965
    0.93       0.705169       0.887446
    0.92       0.698264       0.881974
    0.91       0.691465       0.876548
     0.9       0.684772       0.871167
    0.89       0.678184       0.865831
    0.88         0.6717       0.860539
    0.87       0.665321       0.855292
    0.86       0.659046       0.850088
    0.85       0.652874       0.844927
    0.84       0.646806       0.839809
    0.83        0.64084       0.834732
    0.82       0.634976       0.829697
    0.81       0.629215       0.824703
     0.8       0.623556        0.81975
    0.79       0.617997       0.814837
    0.78        0.61254       0.809963
    0.77       0.607184       0.805128
    0.76       0.601928       0.800331
    0.75       0.596773       0.795573
    0.74       0.591717       0.790852
    0.73       0.586761       0.786168
    0.72       0.581905       0.781521
    0.71       0.577148       0.776909
     0.7        0.57249       0.772333
    0.69       0.567931       0.767792
    0.68       0.563471       0.763286
    0.67       0.559109       0.758814
    0.66       0.554846       0.754375
    0.65       0.550682       0.749969
    0.64       0.546615       0.745595
    0.63       0.542647       0.741254
    0.62       0.538777       0.736944
    0.61       0.535005       0.732665
     0.6       0.531331       0.728417
    0.59       0.527755       0.724198
    0.58       0.524277       0.720009
    0.57       0.520898       0.715849
    0.56       0.517616       0.711718
    0.55       0.514434       0.707615
    0.54       0.511349       0.703539
    0.53       0.508363        0.69949
    0.52       0.505476       0.695467
    0.51       0.502689       0.691471
     0.5            0.5         0.6875
    0.49       0.497411       0.683554
    0.48       0.494922       0.679633
    0.47       0.492533       0.675735
    0.46       0.490244       0.671861
    0.45       0.488056        0.66801
    0.44        0.48597       0.664182
    0.43       0.483986       0.660376
    0.42       0.482104       0.656591
    0.41       0.480325       0.652827
     0.4       0.478649       0.649083
    0.39       0.477077        0.64536
    0.38        0.47561       0.641656
    0.37       0.474249       0.637971
    0.36       0.472994       0.634305
    0.35       0.471846       0.630656
    0.34       0.470806       0.627025
    0.33       0.469874       0.623411
    0.32       0.469053       0.619814
    0.31       0.468342       0.616233
     0.3       0.467744       0.612667
    0.29       0.467258       0.609116
    0.28       0.466887       0.605579
    0.27       0.466631       0.602057
    0.26       0.466492       0.598548
    0.25       0.466471       0.595052
    0.24       0.466571       0.591569
    0.23       0.466791       0.588097
    0.22       0.467135       0.584637
    0.21       0.467603       0.581188
     0.2       0.468198        0.57775
    0.19       0.468921       0.574322
    0.18       0.469775       0.570903
    0.17       0.470761       0.567493
    0.16       0.471882       0.564091
    0.15       0.473141       0.560698
    0.14       0.474538       0.557312
    0.13       0.476078       0.553933
    0.12       0.477762       0.550561
    0.11       0.479594       0.547194
     0.1       0.481576       0.543833
    0.09       0.483711       0.540477
    0.08       0.486003       0.537126
    0.07       0.488455       0.533779
    0.06       0.491071       0.530435
    0.05       0.493854       0.527094
    0.04       0.496808       0.523755
    0.03       0.499936       0.520419
    0.02       0.503245       0.517084
    0.01       0.506736        0.51375
