           -0.5            0.8         1.5909
           -0.5           0.81         1.6113
           -0.5           0.82         1.6321
           -0.5           0.83         1.6532
           -0.5           0.84         1.6747
           -0.5           0.85         1.6964
           -0.5           0.86         1.7186
          -0.49            0.8         1.5755
          -0.49           0.81         1.5959
          -0.49           0.82         1.6167
          -0.49           0.83         1.6379
          -0.49           0.84         1.6596
          -0.49           0.85         1.6819
          -0.49           0.86         1.7057
          -0.48            0.8         1.5615
          -0.48           0.81         1.5821
          -0.48           0.82         1.6031
          -0.48           0.83         1.6246
          -0.48           0.84         1.6468
          -0.48           0.85         1.6699
          -0.48           0.86         1.6965
          -0.47            0.8         1.5485
          -0.47           0.81         1.5693
          -0.47           0.82         1.5905
          -0.47           0.83         1.6124
          -0.47           0.84         1.6352
          -0.47           0.85         1.6595
          -0.47           0.86         1.6902
          -0.46            0.8         1.5364
          -0.46           0.81         1.5573
          -0.46           0.82         1.5789
          -0.46           0.83         1.6012
          -0.46           0.84         1.6246
          -0.46           0.85         1.6502
          -0.46           0.86         1.6864
          -0.45            0.8         1.5249
          -0.45           0.81         1.5461
          -0.45           0.82         1.5679
          -0.45           0.83         1.5907
          -0.45           0.84         1.6149
          -0.45           0.85         1.6422
          -0.45           0.86         1.6851
          -0.44            0.8         1.5141
          -0.44           0.81         1.5355
          -0.44           0.82         1.5577
          -0.44           0.83         1.5809
          -0.44           0.84          1.606
          -0.44           0.85         1.6352
          -0.44           0.86         1.6861
          -0.43            0.8         1.5038
          -0.43           0.81         1.5254
          -0.43           0.82          1.548
          -0.43           0.83         1.5718
          -0.43           0.84         1.5979
          -0.43           0.85         1.6292
          -0.43           0.86         1.6892
          -0.42            0.8          1.494
          -0.42           0.81         1.5159
          -0.42           0.82         1.5389
          -0.42           0.83         1.5633
          -0.42           0.84         1.5904
          -0.42           0.85         1.6241
          -0.42           0.86         1.6943
          -0.41            0.8         1.4846
          -0.41           0.81         1.5069
          -0.41           0.82         1.5303
          -0.41           0.83         1.5554
          -0.41           0.84         1.5837
          -0.41           0.85         1.6199
          -0.41           0.86         1.7013
           -0.4            0.8         1.4758
           -0.4           0.81         1.4984
           -0.4           0.82         1.5222
           -0.4           0.83          1.548
           -0.4           0.84         1.5775
           -0.4           0.85         1.6165
           -0.4           0.86         1.7099
          -0.39            0.8         1.4674
          -0.39           0.81         1.4903
          -0.39           0.82         1.5146
          -0.39           0.83         1.5412
          -0.39           0.84          1.572
          -0.39           0.85         1.6139
          -0.39           0.86         1.7201
          -0.38            0.8         1.4593
          -0.38           0.81         1.4826
          -0.38           0.82         1.5075
          -0.38           0.83         1.5348
          -0.38           0.84          1.567
          -0.38           0.85          1.612
          -0.38           0.86         1.7317
          -0.37            0.8         1.4517
          -0.37           0.81         1.4753
          -0.37           0.82         1.5007
          -0.37           0.83         1.5289
          -0.37           0.84         1.5625
          -0.37           0.85         1.6108
          -0.37           0.86         1.7446
          -0.36            0.8         1.4444
          -0.36           0.81         1.4685
          -0.36           0.82         1.4944
          -0.36           0.83         1.5234
          -0.36           0.84         1.5585
          -0.36           0.85         1.6102
          -0.36           0.86         1.7587
          -0.35            0.8         1.4375
          -0.35           0.81          1.462
          -0.35           0.82         1.4884
          -0.35           0.83         1.5183
          -0.35           0.84         1.5549
          -0.35           0.85         1.6102
          -0.35           0.86         1.7738
          -0.34            0.8          1.431
          -0.34           0.81         1.4558
          -0.34           0.82         1.4828
          -0.34           0.83         1.5136
          -0.34           0.84         1.5518
          -0.34           0.85         1.6106
          -0.34           0.86         1.7898
          -0.33            0.8         1.4248
          -0.33           0.81           1.45
          -0.33           0.82         1.4776
          -0.33           0.83         1.5093
          -0.33           0.84         1.5491
          -0.33           0.85         1.6116
          -0.33           0.86         1.8067
          -0.32            0.8         1.4188
          -0.32           0.81         1.4445
          -0.32           0.82         1.4727
          -0.32           0.83         1.5053
          -0.32           0.84         1.5468
          -0.32           0.85          1.613
          -0.32           0.86         1.8242
          -0.31            0.8         1.4132
          -0.31           0.81         1.4393
          -0.31           0.82         1.4681
          -0.31           0.83         1.5016
          -0.31           0.84         1.5448
          -0.31           0.85         1.6148
          -0.31           0.86         1.8424
           -0.3            0.8         1.4079
           -0.3           0.81         1.4343
           -0.3           0.82         1.4638
           -0.3           0.83         1.4982
           -0.3           0.84         1.5431
           -0.3           0.85         1.6169
           -0.3           0.86          1.861
          -0.29            0.8         1.4029
          -0.29           0.81         1.4297
          -0.29           0.82         1.4597
          -0.29           0.83         1.4952
          -0.29           0.84         1.5417
          -0.29           0.85         1.6193
          -0.29           0.86           1.88
          -0.28            0.8         1.3981
          -0.28           0.81         1.4254
          -0.28           0.82          1.456
          -0.28           0.83         1.4924
          -0.28           0.84         1.5406
          -0.28           0.85          1.622
          -0.28           0.86         1.8993
          -0.27            0.8         1.3936
          -0.27           0.81         1.4213
          -0.27           0.82         1.4525
          -0.27           0.83         1.4898
          -0.27           0.84         1.5398
          -0.27           0.85          1.625
          -0.27           0.86         1.9187
          -0.26            0.8         1.3893
          -0.26           0.81         1.4174
          -0.26           0.82         1.4492
          -0.26           0.83         1.4875
          -0.26           0.84         1.5391
          -0.26           0.85         1.6281
          -0.26           0.86         1.9383
          -0.25            0.8         1.3853
          -0.25           0.81         1.4138
          -0.25           0.82         1.4462
          -0.25           0.83         1.4854
          -0.25           0.84         1.5387
          -0.25           0.85         1.6314
          -0.25           0.86         1.9579
          -0.24            0.8         1.3815
          -0.24           0.81         1.4104
          -0.24           0.82         1.4434
          -0.24           0.83         1.4835
          -0.24           0.84         1.5384
          -0.24           0.85         1.6349
          -0.24           0.86         1.9774
          -0.23            0.8         1.3779
          -0.23           0.81         1.4072
          -0.23           0.82         1.4408
          -0.23           0.83         1.4818
          -0.23           0.84         1.5383
          -0.23           0.85         1.6384
          -0.23           0.86         1.9967
          -0.22            0.8         1.3745
          -0.22           0.81         1.4042
          -0.22           0.82         1.4384
          -0.22           0.83         1.4803
          -0.22           0.84         1.5384
          -0.22           0.85          1.642
          -0.22           0.86         2.0158
          -0.21            0.8         1.3714
          -0.21           0.81         1.4015
          -0.21           0.82         1.4362
          -0.21           0.83         1.4789
          -0.21           0.84         1.5385
          -0.21           0.85         1.6457
          -0.21           0.86         2.0345
           -0.2            0.8         1.3684
           -0.2           0.81         1.3989
           -0.2           0.82         1.4341
           -0.2           0.83         1.4777
           -0.2           0.84         1.5388
           -0.2           0.85         1.6494
           -0.2           0.86         2.0529
          -0.19            0.8         1.3656
          -0.19           0.81         1.3964
          -0.19           0.82         1.4322
          -0.19           0.83         1.4766
          -0.19           0.84         1.5392
          -0.19           0.85          1.653
          -0.19           0.86         2.0708
          -0.18            0.8          1.363
          -0.18           0.81         1.3942
          -0.18           0.82         1.4305
          -0.18           0.83         1.4757
          -0.18           0.84         1.5397
          -0.18           0.85         1.6566
          -0.18           0.86         2.0882
          -0.17            0.8         1.3606
          -0.17           0.81         1.3921
          -0.17           0.82         1.4289
          -0.17           0.83         1.4748
          -0.17           0.84         1.5402
          -0.17           0.85         1.6602
          -0.17           0.86          2.105
          -0.16            0.8         1.3584
          -0.16           0.81         1.3902
          -0.16           0.82         1.4274
          -0.16           0.83         1.4741
          -0.16           0.84         1.5407
          -0.16           0.85         1.6637
          -0.16           0.86         2.1211
          -0.15            0.8         1.3563
          -0.15           0.81         1.3884
          -0.15           0.82         1.4261
          -0.15           0.83         1.4734
          -0.15           0.84         1.5413
          -0.15           0.85         1.6671
          -0.15           0.86         2.1366
          -0.14            0.8         1.3543
          -0.14           0.81         1.3868
          -0.14           0.82         1.4248
          -0.14           0.83         1.4729
          -0.14           0.84         1.5419
          -0.14           0.85         1.6703
          -0.14           0.86         2.1513
          -0.13            0.8         1.3526
          -0.13           0.81         1.3853
          -0.13           0.82         1.4237
          -0.13           0.83         1.4724
          -0.13           0.84         1.5425
          -0.13           0.85         1.6734
          -0.13           0.86         2.1652
          -0.12            0.8          1.351
          -0.12           0.81         1.3839
          -0.12           0.82         1.4227
          -0.12           0.83          1.472
          -0.12           0.84         1.5431
          -0.12           0.85         1.6764
          -0.12           0.86         2.1782
          -0.11            0.8         1.3495
          -0.11           0.81         1.3827
          -0.11           0.82         1.4218
          -0.11           0.83         1.4716
          -0.11           0.84         1.5438
          -0.11           0.85         1.6791
          -0.11           0.86         2.1904
           -0.1            0.8         1.3482
           -0.1           0.81         1.3816
           -0.1           0.82         1.4211
           -0.1           0.83         1.4713
           -0.1           0.84         1.5443
           -0.1           0.85         1.6817
           -0.1           0.86         2.2016
          -0.09            0.8          1.347
          -0.09           0.81         1.3806
          -0.09           0.82         1.4203
          -0.09           0.83         1.4711
          -0.09           0.84         1.5449
          -0.09           0.85         1.6841
          -0.09           0.86         2.2119
          -0.08            0.8         1.3459
          -0.08           0.81         1.3797
          -0.08           0.82         1.4197
          -0.08           0.83         1.4709
          -0.08           0.84         1.5454
          -0.08           0.85         1.6862
          -0.08           0.86         2.2211
          -0.07            0.8          1.345
          -0.07           0.81         1.3789
          -0.07           0.82         1.4192
          -0.07           0.83         1.4707
          -0.07           0.84         1.5459
          -0.07           0.85         1.6882
          -0.07           0.86         2.2294
          -0.06            0.8         1.3442
          -0.06           0.81         1.3783
          -0.06           0.82         1.4187
          -0.06           0.83         1.4706
          -0.06           0.84         1.5463
          -0.06           0.85         1.6899
          -0.06           0.86         2.2366
          -0.05            0.8         1.3435
          -0.05           0.81         1.3777
          -0.05           0.82         1.4183
          -0.05           0.83         1.4704
          -0.05           0.84         1.5467
          -0.05           0.85         1.6913
          -0.05           0.86         2.2427
          -0.04            0.8         1.3429
          -0.04           0.81         1.3772
          -0.04           0.82          1.418
          -0.04           0.83         1.4703
          -0.04           0.84          1.547
          -0.04           0.85         1.6925
          -0.04           0.86         2.2477
          -0.03            0.8         1.3425
          -0.03           0.81         1.3769
          -0.03           0.82         1.4178
          -0.03           0.83         1.4703
          -0.03           0.84         1.5472
          -0.03           0.85         1.6934
          -0.03           0.86         2.2517
          -0.02            0.8         1.3422
          -0.02           0.81         1.3767
          -0.02           0.82         1.4176
          -0.02           0.83         1.4702
          -0.02           0.84         1.5474
          -0.02           0.85         1.6941
          -0.02           0.86         2.2545
          -0.01            0.8          1.342
          -0.01           0.81         1.3765
          -0.01           0.82         1.4175
          -0.01           0.83         1.4702
          -0.01           0.84         1.5475
          -0.01           0.85         1.6945
          -0.01           0.86         2.2562
     3.0878e-16            0.8          1.342
     3.0878e-16           0.81         1.3765
     3.0878e-16           0.82         1.4175
     3.0878e-16           0.83         1.4702
     3.0878e-16           0.84         1.5475
     3.0878e-16           0.85         1.6946
     3.0878e-16           0.86         2.2567
           0.01            0.8          1.342
           0.01           0.81         1.3765
           0.01           0.82         1.4175
           0.01           0.83         1.4702
           0.01           0.84         1.5475
           0.01           0.85         1.6945
           0.01           0.86         2.2562
           0.02            0.8         1.3422
           0.02           0.81         1.3767
           0.02           0.82         1.4176
           0.02           0.83         1.4702
           0.02           0.84         1.5474
           0.02           0.85         1.6941
           0.02           0.86         2.2545
           0.03            0.8         1.3425
           0.03           0.81         1.3769
           0.03           0.82         1.4178
           0.03           0.83         1.4703
           0.03           0.84         1.5472
           0.03           0.85         1.6934
           0.03           0.86         2.2517
           0.04            0.8         1.3429
           0.04           0.81         1.3772
           0.04           0.82          1.418
           0.04           0.83         1.4703
           0.04           0.84          1.547
           0.04           0.85         1.6925
           0.04           0.86         2.2477
           0.05            0.8         1.3435
           0.05           0.81         1.3777
           0.05           0.82         1.4183
           0.05           0.83         1.4704
           0.05           0.84         1.5467
           0.05           0.85         1.6913
           0.05           0.86         2.2427
           0.06            0.8         1.3442
           0.06           0.81         1.3783
           0.06           0.82         1.4187
           0.06           0.83         1.4706
           0.06           0.84         1.5463
           0.06           0.85         1.6899
           0.06           0.86         2.2366
           0.07            0.8          1.345
           0.07           0.81         1.3789
           0.07           0.82         1.4192
           0.07           0.83         1.4707
           0.07           0.84         1.5459
           0.07           0.85         1.6882
           0.07           0.86         2.2294
           0.08            0.8         1.3459
           0.08           0.81         1.3797
           0.08           0.82         1.4197
           0.08           0.83         1.4709
           0.08           0.84         1.5454
           0.08           0.85         1.6862
           0.08           0.86         2.2211
           0.09            0.8          1.347
           0.09           0.81         1.3806
           0.09           0.82         1.4203
           0.09           0.83         1.4711
           0.09           0.84         1.5449
           0.09           0.85         1.6841
           0.09           0.86         2.2119
            0.1            0.8         1.3482
            0.1           0.81         1.3816
            0.1           0.82         1.4211
            0.1           0.83         1.4713
            0.1           0.84         1.5443
            0.1           0.85         1.6817
            0.1           0.86         2.2016
           0.11            0.8         1.3495
           0.11           0.81         1.3827
           0.11           0.82         1.4218
           0.11           0.83         1.4716
           0.11           0.84         1.5438
           0.11           0.85         1.6791
           0.11           0.86         2.1904
           0.12            0.8          1.351
           0.12           0.81         1.3839
           0.12           0.82         1.4227
           0.12           0.83          1.472
           0.12           0.84         1.5431
           0.12           0.85         1.6764
           0.12           0.86         2.1782
           0.13            0.8         1.3526
           0.13           0.81         1.3853
           0.13           0.82         1.4237
           0.13           0.83         1.4724
           0.13           0.84         1.5425
           0.13           0.85         1.6734
           0.13           0.86         2.1652
           0.14            0.8         1.3543
           0.14           0.81         1.3868
           0.14           0.82         1.4248
           0.14           0.83         1.4729
           0.14           0.84         1.5419
           0.14           0.85         1.6703
           0.14           0.86         2.1513
           0.15            0.8         1.3563
           0.15           0.81         1.3884
           0.15           0.82         1.4261
           0.15           0.83         1.4734
           0.15           0.84         1.5413
           0.15           0.85         1.6671
           0.15           0.86         2.1366
           0.16            0.8         1.3584
           0.16           0.81         1.3902
           0.16           0.82         1.4274
           0.16           0.83         1.4741
           0.16           0.84         1.5407
           0.16           0.85         1.6637
           0.16           0.86         2.1211
           0.17            0.8         1.3606
           0.17           0.81         1.3921
           0.17           0.82         1.4289
           0.17           0.83         1.4748
           0.17           0.84         1.5402
           0.17           0.85         1.6602
           0.17           0.86          2.105
           0.18            0.8          1.363
           0.18           0.81         1.3942
           0.18           0.82         1.4305
           0.18           0.83         1.4757
           0.18           0.84         1.5397
           0.18           0.85         1.6566
           0.18           0.86         2.0882
           0.19            0.8         1.3656
           0.19           0.81         1.3964
           0.19           0.82         1.4322
           0.19           0.83         1.4766
           0.19           0.84         1.5392
           0.19           0.85          1.653
           0.19           0.86         2.0708
            0.2            0.8         1.3684
            0.2           0.81         1.3989
            0.2           0.82         1.4341
            0.2           0.83         1.4777
            0.2           0.84         1.5388
            0.2           0.85         1.6494
            0.2           0.86         2.0529
           0.21            0.8         1.3714
           0.21           0.81         1.4015
           0.21           0.82         1.4362
           0.21           0.83         1.4789
           0.21           0.84         1.5385
           0.21           0.85         1.6457
           0.21           0.86         2.0345
           0.22            0.8         1.3745
           0.22           0.81         1.4042
           0.22           0.82         1.4384
           0.22           0.83         1.4803
           0.22           0.84         1.5384
           0.22           0.85          1.642
           0.22           0.86         2.0158
           0.23            0.8         1.3779
           0.23           0.81         1.4072
           0.23           0.82         1.4408
           0.23           0.83         1.4818
           0.23           0.84         1.5383
           0.23           0.85         1.6384
           0.23           0.86         1.9967
           0.24            0.8         1.3815
           0.24           0.81         1.4104
           0.24           0.82         1.4434
           0.24           0.83         1.4835
           0.24           0.84         1.5384
           0.24           0.85         1.6349
           0.24           0.86         1.9774
           0.25            0.8         1.3853
           0.25           0.81         1.4138
           0.25           0.82         1.4462
           0.25           0.83         1.4854
           0.25           0.84         1.5387
           0.25           0.85         1.6314
           0.25           0.86         1.9579
           0.26            0.8         1.3893
           0.26           0.81         1.4174
           0.26           0.82         1.4492
           0.26           0.83         1.4875
           0.26           0.84         1.5391
           0.26           0.85         1.6281
           0.26           0.86         1.9383
           0.27            0.8         1.3936
           0.27           0.81         1.4213
           0.27           0.82         1.4525
           0.27           0.83         1.4898
           0.27           0.84         1.5398
           0.27           0.85          1.625
           0.27           0.86         1.9187
           0.28            0.8         1.3981
           0.28           0.81         1.4254
           0.28           0.82          1.456
           0.28           0.83         1.4924
           0.28           0.84         1.5406
           0.28           0.85          1.622
           0.28           0.86         1.8993
           0.29            0.8         1.4029
           0.29           0.81         1.4297
           0.29           0.82         1.4597
           0.29           0.83         1.4952
           0.29           0.84         1.5417
           0.29           0.85         1.6193
           0.29           0.86           1.88
            0.3            0.8         1.4079
            0.3           0.81         1.4343
            0.3           0.82         1.4638
            0.3           0.83         1.4982
            0.3           0.84         1.5431
            0.3           0.85         1.6169
            0.3           0.86          1.861
           0.31            0.8         1.4132
           0.31           0.81         1.4393
           0.31           0.82         1.4681
           0.31           0.83         1.5016
           0.31           0.84         1.5448
           0.31           0.85         1.6148
           0.31           0.86         1.8424
           0.32            0.8         1.4188
           0.32           0.81         1.4445
           0.32           0.82         1.4727
           0.32           0.83         1.5053
           0.32           0.84         1.5468
           0.32           0.85          1.613
           0.32           0.86         1.8242
           0.33            0.8         1.4248
           0.33           0.81           1.45
           0.33           0.82         1.4776
           0.33           0.83         1.5093
           0.33           0.84         1.5491
           0.33           0.85         1.6116
           0.33           0.86         1.8067
           0.34            0.8          1.431
           0.34           0.81         1.4558
           0.34           0.82         1.4828
           0.34           0.83         1.5136
           0.34           0.84         1.5518
           0.34           0.85         1.6106
           0.34           0.86         1.7898
           0.35            0.8         1.4375
           0.35           0.81          1.462
           0.35           0.82         1.4884
           0.35           0.83         1.5183
           0.35           0.84         1.5549
           0.35           0.85         1.6102
           0.35           0.86         1.7738
           0.36            0.8         1.4444
           0.36           0.81         1.4685
           0.36           0.82         1.4944
           0.36           0.83         1.5234
           0.36           0.84         1.5585
           0.36           0.85         1.6102
           0.36           0.86         1.7587
           0.37            0.8         1.4517
           0.37           0.81         1.4753
           0.37           0.82         1.5007
           0.37           0.83         1.5289
           0.37           0.84         1.5625
           0.37           0.85         1.6108
           0.37           0.86         1.7446
           0.38            0.8         1.4593
           0.38           0.81         1.4826
           0.38           0.82         1.5075
           0.38           0.83         1.5348
           0.38           0.84          1.567
           0.38           0.85          1.612
           0.38           0.86         1.7317
           0.39            0.8         1.4674
           0.39           0.81         1.4903
           0.39           0.82         1.5146
           0.39           0.83         1.5412
           0.39           0.84          1.572
           0.39           0.85         1.6139
           0.39           0.86         1.7201
            0.4            0.8         1.4758
            0.4           0.81         1.4984
            0.4           0.82         1.5222
            0.4           0.83          1.548
            0.4           0.84         1.5775
            0.4           0.85         1.6165
            0.4           0.86         1.7099
           0.41            0.8         1.4846
           0.41           0.81         1.5069
           0.41           0.82         1.5303
           0.41           0.83         1.5554
           0.41           0.84         1.5837
           0.41           0.85         1.6199
           0.41           0.86         1.7013
           0.42            0.8          1.494
           0.42           0.81         1.5159
           0.42           0.82         1.5389
           0.42           0.83         1.5633
           0.42           0.84         1.5904
           0.42           0.85         1.6241
           0.42           0.86         1.6943
           0.43            0.8         1.5038
           0.43           0.81         1.5254
           0.43           0.82          1.548
           0.43           0.83         1.5718
           0.43           0.84         1.5979
           0.43           0.85         1.6292
           0.43           0.86         1.6892
           0.44            0.8         1.5141
           0.44           0.81         1.5355
           0.44           0.82         1.5577
           0.44           0.83         1.5809
           0.44           0.84          1.606
           0.44           0.85         1.6352
           0.44           0.86         1.6861
           0.45            0.8         1.5249
           0.45           0.81         1.5461
           0.45           0.82         1.5679
           0.45           0.83         1.5907
           0.45           0.84         1.6149
           0.45           0.85         1.6422
           0.45           0.86         1.6851
           0.46            0.8         1.5364
           0.46           0.81         1.5573
           0.46           0.82         1.5789
           0.46           0.83         1.6012
           0.46           0.84         1.6246
           0.46           0.85         1.6502
           0.46           0.86         1.6864
           0.47            0.8         1.5485
           0.47           0.81         1.5693
           0.47           0.82         1.5905
           0.47           0.83         1.6124
           0.47           0.84         1.6352
           0.47           0.85         1.6595
           0.47           0.86         1.6902
           0.48            0.8         1.5615
           0.48           0.81         1.5821
           0.48           0.82         1.6031
           0.48           0.83         1.6246
           0.48           0.84         1.6468
           0.48           0.85         1.6699
           0.48           0.86         1.6965
           0.49            0.8         1.5755
           0.49           0.81         1.5959
           0.49           0.82         1.6167
           0.49           0.83         1.6379
           0.49           0.84         1.6596
           0.49           0.85         1.6819
           0.49           0.86         1.7057
