          -0.99          -0.01         1.7092
          -0.99    -1.0408e-17         1.7053
          -0.99           0.01         1.7092
          -0.98          -0.03         1.7231
          -0.98          -0.02         1.6868
          -0.98          -0.01         1.6805
          -0.98    -1.0408e-17          1.679
          -0.98           0.01         1.6805
          -0.98           0.02         1.6868
          -0.98           0.03         1.7231
          -0.97          -0.05         1.9124
          -0.97          -0.04         1.6855
          -0.97          -0.03         1.6648
          -0.97          -0.02         1.6573
          -0.97          -0.01         1.6541
          -0.97    -1.0408e-17         1.6531
          -0.97           0.01         1.6541
          -0.97           0.02         1.6573
          -0.97           0.03         1.6648
          -0.97           0.04         1.6855
          -0.97           0.05         1.9124
          -0.96          -0.06         1.7118
          -0.96          -0.05         1.6601
          -0.96          -0.04         1.6433
          -0.96          -0.03         1.6351
          -0.96          -0.02         1.6307
          -0.96          -0.01         1.6283
          -0.96    -1.0408e-17         1.6276
          -0.96           0.01         1.6283
          -0.96           0.02         1.6307
          -0.96           0.03         1.6351
          -0.96           0.04         1.6433
          -0.96           0.05         1.6601
          -0.96           0.06         1.7118
          -0.95          -0.08         1.7945
          -0.95          -0.07         1.6694
          -0.95          -0.06         1.6373
          -0.95          -0.05         1.6222
          -0.95          -0.04         1.6136
          -0.95          -0.03         1.6083
          -0.95          -0.02         1.6049
          -0.95          -0.01         1.6031
          -0.95    -1.0408e-17         1.6025
          -0.95           0.01         1.6031
          -0.95           0.02         1.6049
          -0.95           0.03         1.6083
          -0.95           0.04         1.6136
          -0.95           0.05         1.6222
          -0.95           0.06         1.6373
          -0.95           0.07         1.6694
          -0.95           0.08         1.7945
          -0.94           -0.1         2.0413
          -0.94          -0.09         1.6984
          -0.94          -0.08         1.6403
          -0.94          -0.07         1.6156
          -0.94          -0.06         1.6016
          -0.94          -0.05         1.5927
          -0.94          -0.04         1.5867
          -0.94          -0.03         1.5826
          -0.94          -0.02         1.5799
          -0.94          -0.01         1.5783
          -0.94    -1.0408e-17         1.5778
          -0.94           0.01         1.5783
          -0.94           0.02         1.5799
          -0.94           0.03         1.5826
          -0.94           0.04         1.5867
          -0.94           0.05         1.5927
          -0.94           0.06         1.6016
          -0.94           0.07         1.6156
          -0.94           0.08         1.6403
          -0.94           0.09         1.6984
          -0.94            0.1         2.0413
          -0.93           -0.1         1.6546
          -0.93          -0.09         1.6156
          -0.93          -0.08         1.5947
          -0.93          -0.07         1.5814
          -0.93          -0.06         1.5723
          -0.93          -0.05         1.5658
          -0.93          -0.04          1.561
          -0.93          -0.03         1.5576
          -0.93          -0.02         1.5553
          -0.93          -0.01          1.554
          -0.93    -1.0408e-17         1.5536
          -0.93           0.01          1.554
          -0.93           0.02         1.5553
          -0.93           0.03         1.5576
          -0.93           0.04          1.561
          -0.93           0.05         1.5658
          -0.93           0.06         1.5723
          -0.93           0.07         1.5814
          -0.93           0.08         1.5947
          -0.93           0.09         1.6156
          -0.93            0.1         1.6546
          -0.92           -0.1         1.5929
          -0.92          -0.09         1.5744
          -0.92          -0.08         1.5617
          -0.92          -0.07         1.5524
          -0.92          -0.06         1.5455
          -0.92          -0.05         1.5402
          -0.92          -0.04         1.5362
          -0.92          -0.03         1.5332
          -0.92          -0.02         1.5312
          -0.92          -0.01         1.5301
          -0.92    -1.0408e-17         1.5297
          -0.92           0.01         1.5301
          -0.92           0.02         1.5312
          -0.92           0.03         1.5332
          -0.92           0.04         1.5362
          -0.92           0.05         1.5402
          -0.92           0.06         1.5455
          -0.92           0.07         1.5524
          -0.92           0.08         1.5617
          -0.92           0.09         1.5744
          -0.92            0.1         1.5929
          -0.91           -0.1         1.5546
          -0.91          -0.09         1.5423
          -0.91          -0.08          1.533
          -0.91          -0.07         1.5257
          -0.91          -0.06           1.52
          -0.91          -0.05         1.5155
          -0.91          -0.04          1.512
          -0.91          -0.03         1.5094
          -0.91          -0.02         1.5076
          -0.91          -0.01         1.5065
          -0.91    -1.0408e-17         1.5062
          -0.91           0.01         1.5065
          -0.91           0.02         1.5076
          -0.91           0.03         1.5094
          -0.91           0.04          1.512
          -0.91           0.05         1.5155
          -0.91           0.06           1.52
          -0.91           0.07         1.5257
          -0.91           0.08          1.533
          -0.91           0.09         1.5423
          -0.91            0.1         1.5546
