            0.4        0.76603          1.405
            0.4        0.77603         1.4251
            0.4        0.78603         1.4457
            0.4        0.79603         1.4671
            0.4        0.80603         1.4893
            0.4        0.81603         1.5126
            0.4        0.82603         1.5375
            0.4        0.83603         1.5652
            0.4        0.84603          1.599
            0.4        0.85603          1.656
           0.41        0.76603         1.4145
           0.41        0.77603         1.4344
           0.41        0.78603         1.4549
           0.41        0.79603          1.476
           0.41        0.80603          1.498
           0.41        0.81603         1.5209
           0.41        0.82603         1.5452
           0.41        0.83603         1.5719
           0.41        0.84603         1.6038
           0.41        0.85603          1.655
           0.42        0.76603         1.4244
           0.42        0.77603         1.4442
           0.42        0.78603         1.4645
           0.42        0.79603         1.4855
           0.42        0.80603         1.5071
           0.42        0.81603         1.5296
           0.42        0.82603         1.5534
           0.42        0.83603         1.5792
           0.42        0.84603         1.6093
           0.42        0.85603         1.6551
           0.43        0.76603         1.4347
           0.43        0.77603         1.4544
           0.43        0.78603         1.4746
           0.43        0.79603         1.4953
           0.43        0.80603         1.5167
           0.43        0.81603         1.5389
           0.43        0.82603         1.5622
           0.43        0.83603         1.5871
           0.43        0.84603         1.6156
           0.43        0.85603         1.6565
           0.44        0.76603         1.4455
           0.44        0.77603         1.4651
           0.44        0.78603         1.4852
           0.44        0.79603         1.5057
           0.44        0.80603         1.5269
           0.44        0.81603         1.5487
           0.44        0.82603         1.5715
           0.44        0.83603         1.5957
           0.44        0.84603         1.6227
           0.44        0.85603         1.6592
           0.45        0.76603         1.4568
           0.45        0.77603         1.4763
           0.45        0.78603         1.4963
           0.45        0.79603         1.5167
           0.45        0.80603         1.5376
           0.45        0.81603         1.5592
           0.45        0.82603         1.5815
           0.45        0.83603          1.605
           0.45        0.84603         1.6307
           0.45        0.85603         1.6633
           0.46        0.76603         1.4687
           0.46        0.77603         1.4881
           0.46        0.78603         1.5079
           0.46        0.79603         1.5282
           0.46        0.80603         1.5489
           0.46        0.81603         1.5702
           0.46        0.82603         1.5922
           0.46        0.83603         1.6151
           0.46        0.84603         1.6396
           0.46        0.85603         1.6689
           0.47        0.76603         1.4812
           0.47        0.77603         1.5006
           0.47        0.78603         1.5203
           0.47        0.79603         1.5404
           0.47        0.80603          1.561
           0.47        0.81603          1.582
           0.47        0.82603         1.6036
           0.47        0.83603          1.626
           0.47        0.84603         1.6495
           0.47        0.85603         1.6761
           0.48        0.76603         1.4945
           0.48        0.77603         1.5138
           0.48        0.78603         1.5334
           0.48        0.79603         1.5534
           0.48        0.80603         1.5738
           0.48        0.81603         1.5947
           0.48        0.82603          1.616
           0.48        0.83603         1.6379
           0.48        0.84603         1.6606
           0.48        0.85603          1.685
           0.49        0.76603         1.5086
           0.49        0.77603         1.5279
           0.49        0.78603         1.5475
           0.49        0.79603         1.5674
           0.49        0.80603         1.5877
           0.49        0.81603         1.6084
           0.49        0.82603         1.6295
           0.49        0.83603          1.651
           0.49        0.84603          1.673
           0.49        0.85603         1.6959
            0.5        0.76603         1.5238
            0.5        0.77603         1.5431
            0.5        0.78603         1.5628
            0.5        0.79603         1.5828
            0.5        0.80603         1.6032
            0.5        0.81603         1.6238
            0.5        0.82603         1.6448
            0.5        0.83603         1.6661
            0.5        0.84603         1.6877
            0.5        0.85603         1.7097
           0.51        0.76603         1.5405
           0.51        0.77603         1.5602
           0.51        0.78603         1.5801
           0.51        0.79603         1.6005
           0.51        0.80603         1.6212
           0.51        0.81603         1.6425
           0.51        0.82603         1.6646
           0.51        0.83603         1.6883
           0.51        0.84603         1.7291
           0.52        0.76603         1.5597
           0.52        0.77603           1.58
           0.52        0.78603          1.601
           0.52        0.79603         1.6229
           0.52        0.80603         1.6463
           0.52        0.81603         1.6737
           0.52        0.82603          1.725
           0.53        0.76603         1.5834
           0.53        0.77603         1.6061
           0.53        0.78603         1.6313
           0.53        0.79603         1.6623
           0.53        0.80603         1.7198
           0.54        0.76603         1.6183
           0.54        0.77603         1.6526
           0.54        0.78603         1.7137
           0.54        0.79603         2.9078
           0.55        0.76603         1.7066
           0.55        0.77603         2.0235
