Running Lloyd-smoothing...
(100 vertices moving)
All vertices frozen
Total optimization time: 0.000312s

32)
(15.5584, 16.6849)
(14.9893, 17.0359)

1
(13.3754, 16.5211)
(13.8775, 17.2925)
(12.7027, 16.4211)

2
(12.0508, 10.6267)
(11.8361, 10.6059)
(10.8439, 10.243)

3
(17.0767, 15.0661)
(16.7674, 13.4307)
(17.3635, 13.3758)

4
(12.6873, 14.6451)
(13.0301, 15.3317)
(12.5023, 15.4805)

5
(15.6295, 19.2595)
(13.0046, 19.1472)
(14.5821, 18.8957)

6
(17.1775, 19.2923)
(16.9366, 19.3683)
(16.844, 18.2013)

7
(14.6448, 11.2263)
(14.3207, 10.1626)
(15.3593, 10.2348)

8
(18.7215, 18.6421)
(19.9306, 19.0003)
(18.5016, 19.635)

9
(17.5758, 16.1562)
(19.3878, 16.3369)
(17.7163, 17.1627)

10
(17.7385, 18.1017)
(18.7215, 18.6421)
(18.2455, 19.5778)

11
(14.1605, 17.2872)
(14.7696, 17.2568)
(14.179, 17.9811)

12
(16.844, 18.2013)
(17.7385, 18.1017)
(17.1775, 19.2923)

13
(12.2216, 15.8743)
(12.7027, 16.4211)
(11.9366, 16.7811)

14
(14.6908, 15.32)
(13.2342, 14.6603)
(14.7482, 14.5962)

15
(13.301, 11.5853)
(13.2679, 12.6707)
(12.1902, 12.1045)

16
(11.556, 15.623)
(11.5832, 15.3165)
(12.2216, 15.8743)

17
(10.6036, 12.0552)
(12.0271, 12.5966)
(10.4509, 12.433)

18
(11.4863, 15.7757)
(12.2216, 15.8743)
(11.9366, 16.7811)

19
(14.6448, 11.2263)
(15.0678, 11.5014)
(14.4238, 11.9173)

20
(15.0678, 11.5014)
(15.3625, 11.4601)
(15.055, 12.188)

21
(14.4238, 11.9173)
(13.9996, 12.6316)
(13.7513, 11.598)

22
(15.4355, 13.0779)
(15.4683, 12.7864)
(15.8092, 13.6308)

23
(18.2455, 19.5778)
(17.1775, 19.2923)
(17.7385, 18.1017)

24
(15.1735, 17.2563)
(14.791, 17.9805)
(14.7696, 17.2568)

25
(14.6908, 15.32)
(14.7482, 14.5962)
(15.3807, 15.3439)

26
(15.5584, 16.6849)
(15.6629, 15.7217)
(17.5758, 16.1562)

27
(11.5832, 15.3165)
(12.6873, 14.6451)
(12.5023, 15.4805)

28
(11.6711, 18.945)
(12.7281, 19.0455)
(11.0837, 19.5263)

29
(13.5114, 10.6567)
(14.3207, 10.1626)
(14.6448, 11.2263)

30
(17.6906, 10.2083)
(18.1284, 10.199)
(18.3403, 11.7596)

31
(12.1884, 12.0094)
(12.1902, 12.1045)
(10.6036, 12.0552)

32
(10.3849, 14.9298)
(11.5832, 15.3165)
(11.556, 15.623)

33
(12.2284, 11.5799)
(11.8361, 10.6059)
(12.0508, 10.6267)

34
(11.5832, 15.3165)
(12.0271, 12.5966)
(12.6873, 14.6451)

35
(13.0301, 15.3317)
(12.9397, 15.8299)
(12.5023, 15.4805)

36
(10.6036, 12.0552)
(10.7597, 11.3507)
(12.1884, 12.0094)

37
(15.6629, 15.7217)
(15.3807, 15.3439)
(17.0767, 15.0661)

38
(12.2216, 15.8743)
(11.5832, 15.3165)
(12.5023, 15.4805)

39
(13.9245, 13.0556)
(13.9996, 12.6316)
(15.0001, 12.8135)

40
(10.3849, 14.9298)
(11.4863, 15.7757)
(10.5228, 16.4268)

41
(13.301, 11.5853)
(13.5114, 10.6567)
(13.7513, 11.598)

42
(12.0508, 10.6267)
(14.3207, 10.1626)
(13.5114, 10.6567)

43
(13.5114, 10.6567)
(13.301, 11.5853)
(12.0508, 10.6267)

44
(12.1902, 12.1045)
(12.0271, 12.5966)
(10.6036, 12.0552)

45
(15.6295, 19.2595)
(15.5337, 18.6166)
(15.7487, 18.3081)

46
(14.5821, 18.8957)
(14.179, 17.9811)
(14.791, 17.9805)

47
(17.357, 11.8321)
(15.3593, 10.2348)
(17.6906, 10.2083)

48
(18.6207, 19.9921)
(18.5016, 19.635)
(19.9306, 19.0003)

49
(10.1588, 11.1808)
(10.6036, 12.0552)
(10.4509, 12.433)

50
(10.7597, 11.3507)
(11.8361, 10.6059)
(12.2284, 11.5799)

51
(12.0602, 18.2857)
(12.7281, 19.0455)
(11.6711, 18.945)

52
(15.6295, 19.2595)
(14.5821, 18.8957)
(15.4176, 18.632)

53
(14.3207, 10.1626)
(18.1284, 10.199)
(17.6906, 10.2083)

54
(18.8549, 17.6955)
(19.9306, 19.0003)
(18.7215, 18.6421)

55
(15.3625, 11.4601)
(14.6448, 11.2263)
(15.3593, 10.2348)

56
(16.0939, 17.5587)
(15.5584, 16.6849)
(17.5758, 16.1562)

57
(17.5758, 16.1562)
(18.5581, 14.5111)
(19.0913, 14.7475)

58
(19.0913, 14.7475)
(19.3878, 16.3369)
(17.5758, 16.1562)

59
(19.0913, 14.7475)
(19.16, 14.3711)
(19.7627, 16.1946)

60
(13.2342, 14.6603)
(14.3646, 13.8937)
(14.7482, 14.5962)

61
(15.4683, 12.7864)
(15.055, 12.188)
(15.3625, 11.4601)

62
(17.357, 11.8321)
(18.3403, 11.7596)
(18.4106, 11.8785)

63
(18.1769, 12.6753)
(18.4106, 11.8785)
(19.928, 10.9995)

64
(15.7487, 18.3081)
(15.5848, 18.1853)
(16.0939, 17.5587)

65
(15.5337, 18.6166)
(15.4176, 18.632)
(15.5848, 18.1853)

66
(18.1769, 12.6753)
(17.357, 11.8321)
(18.4106, 11.8785)

67
(18.1284, 10.199)
(19.928, 10.9995)
(18.3403, 11.7596)

68
(16.0939, 17.5587)
(15.1735, 17.2563)
(15.5584, 16.6849)

69
(15.5848, 18.1853)
(14.791, 17.9805)
(15.1735, 17.2563)

70
(18.2455, 19.5778)
(18.7215, 18.6421)
(18.5016, 19.635)

71
(18.8549, 17.6955)
(19.3878, 16.3369)
(19.7627, 16.1946)

72
(12.0602, 18.2857)
(13.8775, 17.2925)
(12.7281, 19.0455)

73
(15.4176, 18.632)
(15.5337, 18.6166)
(15.6295, 19.2595)

74
(17.357, 11.8321)
(17.6906, 10.2083)
(18.3403, 11.7596)

75
(15.3593, 10.2348)
(14.3207, 10.1626)
(17.6906, 10.2083)

76
(13.3693, 12.9737)
(13.9245, 13.0556)
(14.3646, 13.8937)

77
(14.6549, 12.3763)
(14.4238, 11.9173)
(15.055, 12.188)

78
(10.3849, 14.9298)
(10.5228, 16.4268)
(10.2211, 16.9312)

79
(14.1605, 17.2872)
(14.4351, 16.987)
(14.7696, 17.2568)

80
(14.7696, 17.2568)
(14.791, 17.9805)
(14.179, 17.9811)

81
(16.9366, 19.3683)
(15.6295, 19.2595)
(15.7487, 18.3081)

82
(13.0046, 19.1472)
(14.179, 17.9811)
(14.5821, 18.8957)

83
(15.055, 12.188)
(14.4238, 11.9173)
(15.0678, 11.5014)

84
(13.7513, 11.598)
(13.5114, 10.6567)
(14.6448, 11.2263)

85
(12.2216, 15.8743)
(12.9397, 15.8299)
(12.7027, 16.4211)

86
(13.0301, 15.3317)
(13.2342, 14.6603)
(14.6908, 15.32)

87
(14.3646, 13.8937)
(15.0001, 12.8135)
(15.4355, 13.0779)

88
(14.3646, 13.8937)
(13.9245, 13.0556)
(15.0001, 12.8135)

89
(17.7385, 18.1017)
(18.8549, 17.6955)
(18.7215, 18.6421)

90
(17.7163, 17.1627)
(19.3878, 16.3369)
(18.8549, 17.6955)

91
(13.301, 11.5853)
(12.1902, 12.1045)
(12.1884, 12.0094)

92
(13.301, 11.5853)
(13.7513, 11.598)
(13.2679, 12.6707)

93
(15.1735, 17.2563)
(15.1382, 17.1739)
(15.5584, 16.6849)

94
(15.1735, 17.2563)
(14.7696, 17.2568)
(15.1382, 17.1739)

95
(18.1769, 12.6753)
(19.16, 14.3711)
(18.5581, 14.5111)

96
(19.7627, 16.1946)
(19.9306, 19.0003)
(18.8549, 17.6955)

97
(14.6448, 11.2263)
(14.4238, 11.9173)
(13.7513, 11.598)

98
(15.055, 12.188)
(15.0001, 12.8135)
(14.6549, 12.3763)

99
(17.0767, 15.0661)
(17.3635, 13.3758)
(18.5581, 14.5111)

100
(17.3635, 13.3758)
(17.357, 11.8321)
(18.1769, 12.6753)

101
(14.4351, 16.987)
(13.3754, 16.5211)
(14.6908, 15.32)

102
(14.3646, 13.8937)
(15.8092, 13.6308)
(14.7482, 14.5962)

103
(13.9996, 12.6316)
(13.2679, 12.6707)
(13.7513, 11.598)

104
(12.2284, 11.5799)
(12.0508, 10.6267)
(13.301, 11.5853)

105
(11.0837, 19.5263)
(15.6295, 19.2595)
(18.6207, 19.9921)

106
(13.0046, 19.1472)
(12.7281, 19.0455)
(14.179, 17.9811)

107
(16.844, 18.2013)
(16.0939, 17.5587)
(17.7163, 17.1627)

108
(15.8092, 13.6308)
(16.7674, 13.4307)
(17.0767, 15.0661)

109
(19.928, 10.9995)
(18.4106, 11.8785)
(18.3403, 11.7596)

110
(19.16, 14.3711)
(19.0913, 14.7475)
(18.5581, 14.5111)

111
(11.0837, 19.5263)
(13.0046, 19.1472)
(15.6295, 19.2595)

112
(11.0837, 19.5263)
(12.7281, 19.0455)
(13.0046, 19.1472)

113
(12.9397, 15.8299)
(13.3754, 16.5211)
(12.7027, 16.4211)

114
(12.9397, 15.8299)
(13.0301, 15.3317)
(13.3754, 16.5211)

115
(12.0508, 10.6267)
(10.8439, 10.243)
(14.3207, 10.1626)

116
(11.8361, 10.6059)
(10.7597, 11.3507)
(10.8439, 10.243)

117
(16.9366, 19.3683)
(15.7487, 18.3081)
(16.844, 18.2013)

118
(15.5337, 18.6166)
(15.5848, 18.1853)
(15.7487, 18.3081)

119
(11.556, 15.623)
(12.2216, 15.8743)
(11.4863, 15.7757)

120
(12.5023, 15.4805)
(12.9397, 15.8299)
(12.2216, 15.8743)

121
(10.1588, 11.1808)
(10.7597, 11.3507)
(10.6036, 12.0552)

122
(10.1588, 11.1808)
(10.8439, 10.243)
(10.7597, 11.3507)

123
(19.0913, 14.7475)
(19.7627, 16.1946)
(19.3878, 16.3369)

124
(19.928, 10.9995)
(19.9306, 19.0003)
(19.7627, 16.1946)

125
(17.3635, 13.3758)
(18.1769, 12.6753)
(18.5581, 14.5111)

126
(17.3635, 13.3758)
(16.7674, 13.4307)
(17.357, 11.8321)

127
(14.3646, 13.8937)
(15.4355, 13.0779)
(15.8092, 13.6308)

128
(15.0001, 12.8135)
(15.055, 12.188)
(15.4683, 12.7864)

129
(14.9893, 17.0359)
(15.5584, 16.6849)
(15.1382, 17.1739)

130
(14.9893, 17.0359)
(14.4351, 16.987)
(14.6908, 15.32)

131
(18.2455, 19.5778)
(16.9366, 19.3683)
(17.1775, 19.2923)

132
(18.6207, 19.9921)
(15.6295, 19.2595)
(16.9366, 19.3683)

133
(14.6908, 15.32)
(15.6629, 15.7217)
(15.5584, 16.6849)

134
(17.0767, 15.0661)
(17.5758, 16.1562)
(15.6629, 15.7217)

135
(13.9996, 12.6316)
(14.6549, 12.3763)
(15.0001, 12.8135)

136
(13.9996, 12.6316)
(14.4238, 11.9173)
(14.6549, 12.3763)

137
(12.0271, 12.5966)
(13.2679, 12.6707)
(13.3693, 12.9737)

138
(12.0271, 12.5966)
(12.1902, 12.1045)
(13.2679, 12.6707)

139
(10.2211, 16.9312)
(10.9345, 18.3157)
(11.0837, 19.5263)

140
(11.9366, 16.7811)
(12.7027, 16.4211)
(12.0602, 18.2857)

141
(12.6873, 14.6451)
(13.2342, 14.6603)
(13.0301, 15.3317)

142
(12.6873, 14.6451)
(12.0271, 12.5966)
(13.3693, 12.9737)

143
(13.8775, 17.2925)
(14.1605, 17.2872)
(14.179, 17.9811)

144
(13.8775, 17.2925)
(14.4351, 16.987)
(14.1605, 17.2872)

145
(10.9345, 18.3157)
(11.6711, 18.945)
(11.0837, 19.5263)

146
(10.9345, 18.3157)
(10.2211, 16.9312)
(11.9366, 16.7811)

147
(15.8092, 13.6308)
(15.4683, 12.7864)
(16.7674, 13.4307)

148
(15.3625, 11.4601)
(15.3593, 10.2348)
(17.357, 11.8321)

149
(12.2284, 11.5799)
(12.1884, 12.0094)
(10.7597, 11.3507)

150
(12.2284, 11.5799)
(13.301, 11.5853)
(12.1884, 12.0094)

151
(13.2342, 14.6603)
(13.3693, 12.9737)
(14.3646, 13.8937)

152
(13.3693, 12.9737)
(13.9996, 12.6316)
(13.9245, 13.0556)

153
(11.4863, 15.7757)
(10.3849, 14.9298)
(11.556, 15.623)

154
(10.3849, 14.9298)
(12.0271, 12.5966)
(11.5832, 15.3165)

155
(14.9893, 17.0359)
(14.7696, 17.2568)
(14.4351, 16.987)

156
(14.9893, 17.0359)
(15.1382, 17.1739)
(14.7696, 17.2568)

157
(15.8092, 13.6308)
(15.3807, 15.3439)
(14.7482, 14.5962)

158
(15.8092, 13.6308)
(17.0767, 15.0661)
(15.3807, 15.3439)

159
(18.6207, 19.9921)
(18.2455, 19.5778)
(18.5016, 19.635)

160
(18.6207, 19.9921)
(16.9366, 19.3683)
(18.2455, 19.5778)

161
(15.7487, 18.3081)
(16.0939, 17.5587)
(16.844, 18.2013)

162
(15.5848, 18.1853)
(15.1735, 17.2563)
(16.0939, 17.5587)

163
(12.7281, 19.0455)
(13.8775, 17.2925)
(14.179, 17.9811)

164
(13.3754, 16.5211)
(14.4351, 16.987)
(13.8775, 17.2925)

165
(15.4683, 12.7864)
(15.3625, 11.4601)
(17.357, 11.8321)

166
(15.0678, 11.5014)
(14.6448, 11.2263)
(15.3625, 11.4601)

167
(16.0939, 17.5587)
(17.5758, 16.1562)
(17.7163, 17.1627)

168
(17.0767, 15.0661)
(18.5581, 14.5111)
(17.5758, 16.1562)

169
(10.9345, 18.3157)
(12.0602, 18.2857)
(11.6711, 18.945)

170
(12.7027, 16.4211)
(13.8775, 17.2925)
(12.0602, 18.2857)

171
(10.4509, 12.433)
(10.3849, 14.9298)
(10.1588, 11.1808)

172
(10.5228, 16.4268)
(11.9366, 16.7811)
(10.2211, 16.9312)

173
(17.7163, 17.1627)
(17.7385, 18.1017)
(16.844, 18.2013)

174
(17.7163, 17.1627)
(18.8549, 17.6955)
(17.7385, 18.1017)

175
(15.6629, 15.7217)
(14.6908, 15.32)
(15.3807, 15.3439)

176
(13.3754, 16.5211)
(13.0301, 15.3317)
(14.6908, 15.32)

177
(12.6873, 14.6451)
(13.3693, 12.9737)
(13.2342, 14.6603)

178
(13.2679, 12.6707)
(13.9996, 12.6316)
(13.3693, 12.9737)

179
(19.928, 10.9995)
(19.16, 14.3711)
(18.1769, 12.6753)

180
(19.928, 10.9995)
(19.7627, 16.1946)
(19.16, 14.3711)

181
(10.1588, 11.1808)
(10.3849, 14.9298)
(10.2211, 16.9312)

182
(10.4509, 12.433)
(12.0271, 12.5966)
(10.3849, 14.9298)

183
(16.7674, 13.4307)
(15.4683, 12.7864)
(17.357, 11.8321)

184
(15.4355, 13.0779)
(15.0001, 12.8135)
(15.4683, 12.7864)

185
(14.791, 17.9805)
(15.4176, 18.632)
(14.5821, 18.8957)

186
(14.791, 17.9805)
(15.5848, 18.1853)
(15.4176, 18.632)

187
(10.9345, 18.3157)
(11.9366, 16.7811)
(12.0602, 18.2857)

188
(10.5228, 16.4268)
(11.4863, 15.7757)
(11.9366, 16.7811)

Run Lloyd optimization for CDT... done.
Number of vertices: 100
Number of faces: 189
0
(14.6908, 15.32)
(15.5584, 16.6849)
(14.9893, 17.0359)

1
(13.3754, 16.5211)
(13.8775, 17.2925)
(12.7027, 16.4211)

2
(12.0508, 10.6267)
(11.8361, 10.6059)
(10.8439, 10.243)

3
(17.0767, 15.0661)
(16.7674, 13.4307)
(17.3635, 13.3758)

4
(12.6873, 14.6451)
(13.0301, 15.3317)
(12.5023, 15.4805)

5
(15.6295, 19.2595)
(13.0046, 19.1472)
(14.5821, 18.8957)

6
(17.1775, 19.2923)
(16.9366, 19.3683)
(16.844, 18.2013)

7
(14.6448, 11.2263)
(14.3207, 10.1626)
(15.3593, 10.2348)

8
(18.7215, 18.6421)
(19.9306, 19.0003)
(18.5016, 19.635)

9
(17.5758, 16.1562)
(19.3878, 16.3369)
(17.7163, 17.1627)

10
(17.7385, 18.1017)
(18.7215, 18.6421)
(18.2455, 19.5778)

11
(14.1605, 17.2872)
(14.7696, 17.2568)
(14.179, 17.9811)

12
(16.844, 18.2013)
(17.7385, 18.1017)
(17.1775, 19.2923)

13
(12.2216, 15.8743)
(12.7027, 16.4211)
(11.9366, 16.7811)

14
(14.6908, 15.32)
(13.2342, 14.6603)
(14.7482, 14.5962)

15
(13.301, 11.5853)
(13.2679, 12.6707)
(12.1902, 12.1045)

16
(11.556, 15.623)
(11.5832, 15.3165)
(12.2216, 15.8743)

17
(10.6036, 12.0552)
(12.0271, 12.5966)
(10.4509, 12.433)

18
(11.4863, 15.7757)
(12.2216, 15.8743)
(11.9366, 16.7811)

19
(14.6448, 11.2263)
(15.0678, 11.5014)
(14.4238, 11.9173)

20
(15.0678, 11.5014)
(15.3625, 11.4601)
(15.055, 12.188)

21
(14.4238, 11.9173)
(13.9996, 12.6316)
(13.7513, 11.598)

22
(15.4355, 13.0779)
(15.4683, 12.7864)
(15.8092, 13.6308)

23
(18.2455, 19.5778)
(17.1775, 19.2923)
(17.7385, 18.1017)

24
(15.1735, 17.2563)
(14.791, 17.9805)
(14.7696, 17.2568)

25
(14.6908, 15.32)
(14.7482, 14.5962)
(15.3807, 15.3439)

26
(15.5584, 16.6849)
(15.6629, 15.7217)
(17.5758, 16.1562)

27
(11.5832, 15.3165)
(12.6873, 14.6451)
(12.5023, 15.4805)

28
(11.6711, 18.945)
(12.7281, 19.0455)
(11.0837, 19.5263)

29
(13.5114, 10.6567)
(14.3207, 10.1626)
(14.6448, 11.2263)

30
(17.6906, 10.2083)
(18.1284, 10.199)
(18.3403, 11.7596)

31
(12.1884, 12.0094)
(12.1902, 12.1045)
(10.6036, 12.0552)

32
(10.3849, 14.9298)
(11.5832, 15.3165)
(11.556, 15.623)

33
(12.2284, 11.5799)
(11.8361, 10.6059)
(12.0508, 10.6267)

34
(11.5832, 15.3165)
(12.0271, 12.5966)
(12.6873, 14.6451)

35
(13.0301, 15.3317)
(12.9397, 15.8299)
(12.5023, 15.4805)

36
(10.6036, 12.0552)
(10.7597, 11.3507)
(12.1884, 12.0094)

37
(15.6629, 15.7217)
(15.3807, 15.3439)
(17.0767, 15.0661)

38
(12.2216, 15.8743)
(11.5832, 15.3165)
(12.5023, 15.4805)

39
(13.9245, 13.0556)
(13.9996, 12.6316)
(15.0001, 12.8135)

40
(10.3849, 14.9298)
(11.4863, 15.7757)
(10.5228, 16.4268)

41
(13.301, 11.5853)
(13.5114, 10.6567)
(13.7513, 11.598)

42
(12.0508, 10.6267)
(14.3207, 10.1626)
(13.5114, 10.6567)

43
(13.5114, 10.6567)
(13.301, 11.5853)
(12.0508, 10.6267)

44
(12.1902, 12.1045)
(12.0271, 12.5966)
(10.6036, 12.0552)

45
(15.6295, 19.2595)
(15.5337, 18.6166)
(15.7487, 18.3081)

46
(14.5821, 18.8957)
(14.179, 17.9811)
(14.791, 17.9805)

47
(17.357, 11.8321)
(15.3593, 10.2348)
(17.6906, 10.2083)

48
(18.6207, 19.9921)
(18.5016, 19.635)
(19.9306, 19.0003)

49
(10.1588, 11.1808)
(10.6036, 12.0552)
(10.4509, 12.433)

50
(10.7597, 11.3507)
(11.8361, 10.6059)
(12.2284, 11.5799)

51
(12.0602, 18.2857)
(12.7281, 19.0455)
(11.6711, 18.945)

52
(15.6295, 19.2595)
(14.5821, 18.8957)
(15.4176, 18.632)

53
(14.3207, 10.1626)
(18.1284, 10.199)
(17.6906, 10.2083)

54
(18.8549, 17.6955)
(19.9306, 19.0003)
(18.7215, 18.6421)

55
(15.3625, 11.4601)
(14.6448, 11.2263)
(15.3593, 10.2348)

56
(16.0939, 17.5587)
(15.5584, 16.6849)
(17.5758, 16.1562)

57
(17.5758, 16.1562)
(18.5581, 14.5111)
(19.0913, 14.7475)

58
(19.0913, 14.7475)
(19.3878, 16.3369)
(17.5758, 16.1562)

59
(19.0913, 14.7475)
(19.16, 14.3711)
(19.7627, 16.1946)

60
(13.2342, 14.6603)
(14.3646, 13.8937)
(14.7482, 14.5962)

61
(15.4683, 12.7864)
(15.055, 12.188)
(15.3625, 11.4601)

62
(17.357, 11.8321)
(18.3403, 11.7596)
(18.4106, 11.8785)

63
(18.1769, 12.6753)
(18.4106, 11.8785)
(19.928, 10.9995)

64
(15.7487, 18.3081)
(15.5848, 18.1853)
(16.0939, 17.5587)

65
(15.5337, 18.6166)
(15.4176, 18.632)
(15.5848, 18.1853)

66
(18.1769, 12.6753)
(17.357, 11.8321)
(18.4106, 11.8785)

67
(18.1284, 10.199)
(19.928, 10.9995)
(18.3403, 11.7596)

68
(16.0939, 17.5587)
(15.1735, 17.2563)
(15.5584, 16.6849)

69
(15.5848, 18.1853)
(14.791, 17.9805)
(15.1735, 17.2563)

70
(18.2455, 19.5778)
(18.7215, 18.6421)
(18.5016, 19.635)

71
(18.8549, 17.6955)
(19.3878, 16.3369)
(19.7627, 16.1946)

72
(12.0602, 18.2857)
(13.8775, 17.2925)
(12.7281, 19.0455)

73
(15.4176, 18.632)
(15.5337, 18.6166)
(15.6295, 19.2595)

74
(17.357, 11.8321)
(17.6906, 10.2083)
(18.3403, 11.7596)

75
(15.3593, 10.2348)
(14.3207, 10.1626)
(17.6906, 10.2083)

76
(13.3693, 12.9737)
(13.9245, 13.0556)
(14.3646, 13.8937)

77
(14.6549, 12.3763)
(14.4238, 11.9173)
(15.055, 12.188)

78
(10.3849, 14.9298)
(10.5228, 16.4268)
(10.2211, 16.9312)

79
(14.1605, 17.2872)
(14.4351, 16.987)
(14.7696, 17.2568)

80
(14.7696, 17.2568)
(14.791, 17.9805)
(14.179, 17.9811)

81
(16.9366, 19.3683)
(15.6295, 19.2595)
(15.7487, 18.3081)

82
(13.0046, 19.1472)
(14.179, 17.9811)
(14.5821, 18.8957)

83
(15.055, 12.188)
(14.4238, 11.9173)
(15.0678, 11.5014)

84
(13.7513, 11.598)
(13.5114, 10.6567)
(14.6448, 11.2263)

85
(12.2216, 15.8743)
(12.9397, 15.8299)
(12.7027, 16.4211)

86
(13.0301, 15.3317)
(13.2342, 14.6603)
(14.6908, 15.32)

87
(14.3646, 13.8937)
(15.0001, 12.8135)
(15.4355, 13.0779)

88
(14.3646, 13.8937)
(13.9245, 13.0556)
(15.0001, 12.8135)

89
(17.7385, 18.1017)
(18.8549, 17.6955)
(18.7215, 18.6421)

90
(17.7163, 17.1627)
(19.3878, 16.3369)
(18.8549, 17.6955)

91
(13.301, 11.5853)
(12.1902, 12.1045)
(12.1884, 12.0094)

92
(13.301, 11.5853)
(13.7513, 11.598)
(13.2679, 12.6707)

93
(15.1735, 17.2563)
(15.1382, 17.1739)
(15.5584, 16.6849)

94
(15.1735, 17.2563)
(14.7696, 17.2568)
(15.1382, 17.1739)

95
(18.1769, 12.6753)
(19.16, 14.3711)
(18.5581, 14.5111)

96
(19.7627, 16.1946)
(19.9306, 19.0003)
(18.8549, 17.6955)

97
(14.6448, 11.2263)
(14.4238, 11.9173)
(13.7513, 11.598)

98
(15.055, 12.188)
(15.0001, 12.8135)
(14.6549, 12.3763)

99
(17.0767, 15.0661)
(17.3635, 13.3758)
(18.5581, 14.5111)

100
(17.3635, 13.3758)
(17.357, 11.8321)
(18.1769, 12.6753)

101
(14.4351, 16.987)
(13.3754, 16.5211)
(14.6908, 15.32)

102
(14.3646, 13.8937)
(15.8092, 13.6308)
(14.7482, 14.5962)

103
(13.9996, 12.6316)
(13.2679, 12.6707)
(13.7513, 11.598)

104
(12.2284, 11.5799)
(12.0508, 10.6267)
(13.301, 11.5853)

105
(11.0837, 19.5263)
(15.6295, 19.2595)
(18.6207, 19.9921)

106
(13.0046, 19.1472)
(12.7281, 19.0455)
(14.179, 17.9811)

107
(16.844, 18.2013)
(16.0939, 17.5587)
(17.7163, 17.1627)

108
(15.8092, 13.6308)
(16.7674, 13.4307)
(17.0767, 15.0661)

109
(19.928, 10.9995)
(18.4106, 11.8785)
(18.3403, 11.7596)

110
(19.16, 14.3711)
(19.0913, 14.7475)
(18.5581, 14.5111)

111
(11.0837, 19.5263)
(13.0046, 19.1472)
(15.6295, 19.2595)

112
(11.0837, 19.5263)
(12.7281, 19.0455)
(13.0046, 19.1472)

113
(12.9397, 15.8299)
(13.3754, 16.5211)
(12.7027, 16.4211)

114
(12.9397, 15.8299)
(13.0301, 15.3317)
(13.3754, 16.5211)

115
(12.0508, 10.6267)
(10.8439, 10.243)
(14.3207, 10.1626)

116
(11.8361, 10.6059)
(10.7597, 11.3507)
(10.8439, 10.243)

117
(16.9366, 19.3683)
(15.7487, 18.3081)
(16.844, 18.2013)

118
(15.5337, 18.6166)
(15.5848, 18.1853)
(15.7487, 18.3081)

119
(11.556, 15.623)
(12.2216, 15.8743)
(11.4863, 15.7757)

120
(12.5023, 15.4805)
(12.9397, 15.8299)
(12.2216, 15.8743)

121
(10.1588, 11.1808)
(10.7597, 11.3507)
(10.6036, 12.0552)

122
(10.1588, 11.1808)
(10.8439, 10.243)
(10.7597, 11.3507)

123
(19.0913, 14.7475)
(19.7627, 16.1946)
(19.3878, 16.3369)

124
(19.928, 10.9995)
(19.9306, 19.0003)
(19.7627, 16.1946)

125
(17.3635, 13.3758)
(18.1769, 12.6753)
(18.5581, 14.5111)

126
(17.3635, 13.3758)
(16.7674, 13.4307)
(17.357, 11.8321)

127
(14.3646, 13.8937)
(15.4355, 13.0779)
(15.8092, 13.6308)

128
(15.0001, 12.8135)
(15.055, 12.188)
(15.4683, 12.7864)

129
(14.9893, 17.0359)
(15.5584, 16.6849)
(15.1382, 17.1739)

130
(14.9893, 17.0359)
(14.4351, 16.987)
(14.6908, 15.32)

131
(18.2455, 19.5778)
(16.9366, 19.3683)
(17.1775, 19.2923)

132
(18.6207, 19.9921)
(15.6295, 19.2595)
(16.9366, 19.3683)

133
(14.6908, 15.32)
(15.6629, 15.7217)
(15.5584, 16.6849)

134
(17.0767, 15.0661)
(17.5758, 16.1562)
(15.6629, 15.7217)

135
(13.9996, 12.6316)
(14.6549, 12.3763)
(15.0001, 12.8135)

136
(13.9996, 12.6316)
(14.4238, 11.9173)
(14.6549, 12.3763)

137
(12.0271, 12.5966)
(13.2679, 12.6707)
(13.3693, 12.9737)

138
(12.0271, 12.5966)
(12.1902, 12.1045)
(13.2679, 12.6707)

139
(10.2211, 16.9312)
(10.9345, 18.3157)
(11.0837, 19.5263)

140
(11.9366, 16.7811)
(12.7027, 16.4211)
(12.0602, 18.2857)

141
(12.6873, 14.6451)
(13.2342, 14.6603)
(13.0301, 15.3317)

142
(12.6873, 14.6451)
(12.0271, 12.5966)
(13.3693, 12.9737)

143
(13.8775, 17.2925)
(14.1605, 17.2872)
(14.179, 17.9811)

144
(13.8775, 17.2925)
(14.4351, 16.987)
(14.1605, 17.2872)

145
(10.9345, 18.3157)
(11.6711, 18.945)
(11.0837, 19.5263)

146
(10.9345, 18.3157)
(10.2211, 16.9312)
(11.9366, 16.7811)

147
(15.8092, 13.6308)
(15.4683, 12.7864)
(16.7674, 13.4307)

148
(15.3625, 11.4601)
(15.3593, 10.2348)
(17.357, 11.8321)

149
(12.2284, 11.5799)
(12.1884, 12.0094)
(10.7597, 11.3507)

150
(12.2284, 11.5799)
(13.301, 11.5853)
(12.1884, 12.0094)

151
(13.2342, 14.6603)
(13.3693, 12.9737)
(14.3646, 13.8937)

152
(13.3693, 12.9737)
(13.9996, 12.6316)
(13.9245, 13.0556)

153
(11.4863, 15.7757)
(10.3849, 14.9298)
(11.556, 15.623)

154
(10.3849, 14.9298)
(12.0271, 12.5966)
(11.5832, 15.3165)

155
(14.9893, 17.0359)
(14.7696, 17.2568)
(14.4351, 16.987)

156
(14.9893, 17.0359)
(15.1382, 17.1739)
(14.7696, 17.2568)

157
(15.8092, 13.6308)
(15.3807, 15.3439)
(14.7482, 14.5962)

158
(15.8092, 13.6308)
(17.0767, 15.0661)
(15.3807, 15.3439)

159
(18.6207, 19.9921)
(18.2455, 19.5778)
(18.5016, 19.635)

160
(18.6207, 19.9921)
(16.9366, 19.3683)
(18.2455, 19.5778)

161
(15.7487, 18.3081)
(16.0939, 17.5587)
(16.844, 18.2013)

162
(15.5848, 18.1853)
(15.1735, 17.2563)
(16.0939, 17.5587)

163
(12.7281, 19.0455)
(13.8775, 17.2925)
(14.179, 17.9811)

164
(13.3754, 16.5211)
(14.4351, 16.987)
(13.8775, 17.2925)

165
(15.4683, 12.7864)
(15.3625, 11.4601)
(17.357, 11.8321)

166
(15.0678, 11.5014)
(14.6448, 11.2263)
(15.3625, 11.4601)

167
(16.0939, 17.5587)
(17.5758, 16.1562)
(17.7163, 17.1627)

168
(17.0767, 15.0661)
(18.5581, 14.5111)
(17.5758, 16.1562)

169
(10.9345, 18.3157)
(12.0602, 18.2857)
(11.6711, 18.945)

170
(12.7027, 16.4211)
(13.8775, 17.2925)
(12.0602, 18.2857)

171
(10.4509, 12.433)
(10.3849, 14.9298)
(10.1588, 11.1808)

172
(10.5228, 16.4268)
(11.9366, 16.7811)
(10.2211, 16.9312)

173
(17.7163, 17.1627)
(17.7385, 18.1017)
(16.844, 18.2013)

174
(17.7163, 17.1627)
(18.8549, 17.6955)
(17.7385, 18.1017)

175
(15.6629, 15.7217)
(14.6908, 15.32)
(15.3807, 15.3439)

176
(13.3754, 16.5211)
(13.0301, 15.3317)
(14.6908, 15.32)

177
(12.6873, 14.6451)
(13.3693, 12.9737)
(13.2342, 14.6603)

178
(13.2679, 12.6707)
(13.9996, 12.6316)
(13.3693, 12.9737)

179
(19.928, 10.9995)
(19.16, 14.3711)
(18.1769, 12.6753)

180
(19.928, 10.9995)
(19.7627, 16.1946)
(19.16, 14.3711)

181
(10.1588, 11.1808)
(10.3849, 14.9298)
(10.2211, 16.9312)

182
(10.4509, 12.433)
(12.0271, 12.5966)
(10.3849, 14.9298)

183
(16.7674, 13.4307)
(15.4683, 12.7864)
(17.357, 11.8321)

184
(15.4355, 13.0779)
(15.0001, 12.8135)
(15.4683, 12.7864)

185
(14.791, 17.9805)
(15.4176, 18.632)
(14.5821, 18.8957)

186
(14.791, 17.9805)
(15.5848, 18.1853)
(15.4176, 18.632)

187
(10.9345, 18.3157)
(11.9366, 16.7811)
(12.0602, 18.2857)

188
(10.5228, 16.4268)
(11.4863, 15.7757)
(11.9366, 16.7811)

