          -0.25        472.522
          -0.24        10523.3
          -0.23        5496.96
          -0.22        3823.02
          -0.21        2987.31
           -0.2        2486.98
          -0.19        2154.44
          -0.18        1917.87
          -0.17        1741.39
          -0.16        1605.06
          -0.15        1496.98
          -0.14        1409.57
          -0.13        1337.84
          -0.12        1278.33
          -0.11        1228.26
           -0.1        1186.23
          -0.09        1150.89
          -0.08        1121.22
          -0.07        1096.43
          -0.06        1075.92
          -0.05        1059.23
          -0.04           1046
          -0.03        1035.96
          -0.02        1028.93
          -0.01        1024.76
    8.67362e-17        1023.38
           0.01        1024.76
           0.02        1028.93
           0.03        1035.96
           0.04           1046
           0.05        1059.23
           0.06        1075.92
           0.07        1096.43
           0.08        1121.22
           0.09        1150.89
            0.1        1186.23
           0.11        1228.26
           0.12        1278.33
           0.13        1337.84
           0.14        1409.57
           0.15        1496.98
           0.16        1605.06
           0.17        1741.39
           0.18        1917.87
           0.19        2154.44
            0.2        2486.98
           0.21        2987.31
           0.22        3823.02
           0.23        5496.96
           0.24        10523.3
