              4        748.708
            4.1         769.56
            4.2        789.951
            4.3        809.832
            4.4        829.156
            4.5        847.875
            4.6         865.94
            4.7        883.304
            4.8        899.919
            4.9        915.736
              5        930.708
            5.1        944.787
            5.2        957.924
            5.3        970.072
            5.4        981.183
            5.5        991.208
            5.6         1000.1
            5.7        1007.81
            5.8        1014.29
            5.9         1019.5
              6        1023.38
            6.1        1025.88
            6.2        1026.96
            6.3        1026.58
            6.4        1024.68
            6.5        1021.21
            6.6        1016.13
            6.7        1009.38
            6.8        1000.93
            6.9        990.723
              7        978.708
            7.1         964.84
            7.2        949.071
            7.3        931.352
            7.4        911.636
            7.5        889.875
            7.6         866.02
            7.7        840.024
            7.8        811.839
            7.9        781.416
              8            inf
