        3.14159           -nan
        3.13159       0.666667
        3.12159       0.666667
        3.11159       0.666667
        3.10159       0.666667
        3.09159       0.666667
        3.08159       0.666667
        3.07159       0.666667
        3.06159       0.666667
        3.05159       0.666667
        3.04159       0.666667
        3.03159       0.666667
        3.02159       0.666667
        3.01159       0.666667
        3.00159       0.666667
        2.99159       0.666667
        2.98159       0.666667
        2.97159       0.666667
        2.96159       0.666667
        2.95159       0.666667
        2.94159       0.666667
        2.93159       0.666667
        2.92159       0.666667
        2.91159       0.666667
        2.90159       0.666667
        2.89159       0.666667
        2.88159       0.666667
        2.87159       0.666667
        2.86159       0.666667
        2.85159       0.666667
        2.84159       0.666667
        2.83159       0.666667
        2.82159       0.666667
        2.81159       0.666667
        2.80159       0.666667
        2.79159       0.666667
        2.78159       0.666667
        2.77159       0.666667
        2.76159       0.666667
        2.75159       0.666667
        2.74159       0.666667
        2.73159       0.666667
        2.72159       0.666667
        2.71159       0.666667
        2.70159       0.666667
        2.69159       0.666667
        2.68159       0.666667
        2.67159       0.666667
        2.66159       0.666667
        2.65159       0.666667
        2.64159       0.666667
        2.63159       0.666667
        2.62159       0.666667
        2.61159       0.666667
        2.60159       0.666667
        2.59159       0.666667
        2.58159       0.666667
        2.57159       0.666667
        2.56159       0.666667
        2.55159       0.666667
        2.54159       0.666667
        2.53159       0.666667
        2.52159       0.666667
        2.51159       0.666667
        2.50159       0.666667
        2.49159       0.666667
        2.48159       0.666667
        2.47159       0.666667
        2.46159       0.666667
        2.45159       0.666667
        2.44159       0.666667
        2.43159       0.666667
        2.42159       0.666667
        2.41159       0.666667
        2.40159       0.666667
        2.39159       0.666667
        2.38159       0.666667
        2.37159       0.666667
        2.36159       0.666667
        2.35159       0.666667
        2.34159       0.666667
        2.33159       0.666667
        2.32159       0.666667
        2.31159       0.666667
        2.30159       0.666667
        2.29159       0.666667
        2.28159       0.666667
        2.27159       0.666667
        2.26159       0.666667
        2.25159       0.666667
        2.24159       0.666667
        2.23159       0.666667
        2.22159       0.666667
        2.21159       0.666667
        2.20159       0.666667
        2.19159       0.666667
        2.18159       0.666667
        2.17159       0.666667
        2.16159       0.666667
        2.15159       0.666667
        2.14159       0.666667
        2.13159       0.666667
        2.12159       0.666667
        2.11159       0.666667
        2.10159       0.666667
        2.09159       0.666667
        2.08159       0.666667
        2.07159       0.666667
        2.06159       0.666667
        2.05159       0.666667
        2.04159       0.666667
        2.03159       0.666667
        2.02159       0.666667
        2.01159       0.666667
        2.00159       0.666667
        1.99159       0.666667
        1.98159       0.666667
        1.97159       0.666667
        1.96159       0.666667
        1.95159       0.666667
        1.94159       0.666667
        1.93159       0.666667
        1.92159       0.666667
        1.91159       0.666667
        1.90159       0.666667
        1.89159       0.666667
        1.88159       0.666667
        1.87159       0.666667
        1.86159       0.666667
        1.85159       0.666667
        1.84159       0.666667
        1.83159       0.666667
        1.82159       0.666667
        1.81159       0.666667
        1.80159       0.666667
        1.79159       0.666667
        1.78159       0.666667
        1.77159       0.666667
        1.76159       0.666667
        1.75159       0.666667
        1.74159       0.666667
        1.73159       0.666667
        1.72159       0.666667
        1.71159       0.666667
        1.70159       0.666667
        1.69159       0.666667
        1.68159       0.666667
        1.67159       0.666667
        1.66159       0.666667
        1.65159       0.666667
        1.64159       0.666667
        1.63159       0.666667
        1.62159       0.666667
        1.61159       0.666667
        1.60159       0.666667
        1.59159       0.666667
        1.58159       0.666667
        1.57159       0.666667
        1.56159       0.666667
        1.55159       0.666667
        1.54159       0.666667
        1.53159       0.666667
        1.52159       0.666667
        1.51159       0.666667
        1.50159       0.666667
        1.49159       0.666667
        1.48159       0.666667
        1.47159       0.666667
        1.46159       0.666667
        1.45159       0.666667
        1.44159       0.666667
        1.43159       0.666667
        1.42159       0.666667
        1.41159       0.666667
        1.40159       0.666667
        1.39159       0.666667
        1.38159       0.666667
        1.37159       0.666667
        1.36159       0.666667
        1.35159       0.666667
        1.34159       0.666667
        1.33159       0.666667
        1.32159       0.666667
        1.31159       0.666667
        1.30159       0.666667
        1.29159       0.666667
        1.28159       0.666667
        1.27159       0.666667
        1.26159       0.666667
        1.25159       0.666667
        1.24159       0.666667
        1.23159       0.666667
        1.22159       0.666667
        1.21159       0.666667
        1.20159       0.666667
        1.19159       0.666667
        1.18159       0.666667
        1.17159       0.666667
        1.16159       0.666667
        1.15159       0.666667
        1.14159       0.666667
        1.13159       0.666667
        1.12159       0.666667
        1.11159       0.666667
        1.10159       0.666667
        1.09159       0.666667
        1.08159       0.666667
        1.07159       0.666667
        1.06159       0.666667
        1.05159       0.666667
        1.04159       0.666667
        1.03159       0.666667
        1.02159       0.666667
        1.01159       0.666667
        1.00159       0.666667
       0.991593       0.666667
       0.981593       0.666667
       0.971593       0.666667
       0.961593       0.666667
       0.951593       0.666667
       0.941593       0.666667
       0.931593       0.666667
       0.921593       0.666667
       0.911593       0.666667
       0.901593       0.666667
       0.891593       0.666667
       0.881593       0.666667
       0.871593       0.666667
       0.861593       0.666667
       0.851593       0.666667
       0.841593       0.666667
       0.831593       0.666667
       0.821593       0.666667
       0.811593       0.666667
       0.801593       0.666667
       0.791593       0.666667
       0.781593       0.666667
       0.771593       0.666667
       0.761593       0.666667
       0.751593       0.666667
       0.741593       0.666667
       0.731593       0.666667
       0.721593       0.666667
       0.711593       0.666667
       0.701593       0.666667
       0.691593       0.666667
       0.681593       0.666667
       0.671593       0.666667
       0.661593       0.666667
       0.651593       0.666667
       0.641593       0.666667
       0.631593       0.666667
       0.621593       0.666667
       0.611593       0.666667
       0.601593       0.666667
       0.591593       0.666667
       0.581593       0.666667
       0.571593       0.666667
       0.561593       0.666667
       0.551593       0.666667
       0.541593       0.666667
       0.531593       0.666667
       0.521593       0.666667
       0.511593       0.666667
       0.501593       0.666667
       0.491593       0.666667
       0.481593       0.666667
       0.471593       0.666667
       0.461593       0.666667
       0.451593       0.666667
       0.441593       0.666667
       0.431593       0.666667
       0.421593       0.666667
       0.411593       0.666667
       0.401593       0.666667
       0.391593       0.666667
       0.381593       0.666667
       0.371593       0.666667
       0.361593       0.666667
       0.351593       0.666667
       0.341593       0.666667
       0.331593       0.666667
       0.321593       0.666667
       0.311593       0.666667
       0.301593       0.666667
       0.291593       0.666667
       0.281593       0.666667
       0.271593       0.666667
       0.261593       0.666667
       0.251593       0.666667
       0.241593       0.666667
       0.231593       0.666667
       0.221593       0.666667
       0.211593       0.666667
       0.201593       0.666667
       0.191593       0.666667
       0.181593       0.666667
       0.171593       0.666667
       0.161593       0.666667
       0.151593       0.666667
       0.141593       0.666667
       0.131593       0.666667
       0.121593       0.666667
       0.111593       0.666667
       0.101593       0.666667
      0.0915927       0.666667
      0.0815927       0.666667
      0.0715927       0.666667
      0.0615927       0.666667
      0.0515927       0.666667
      0.0415927       0.666667
      0.0315927       0.666667
      0.0215927       0.666667
      0.0115927       0.666667
