        3.14159           -nan
        3.14059   -1.66668e-10
        3.13959   -1.33326e-09
        3.13859   -4.49995e-09
        3.13759   -1.06664e-08
        3.13659   -2.08325e-08
        3.13559   -3.59978e-08
        3.13459   -5.71619e-08
        3.13359   -8.53239e-08
        3.13259   -1.21483e-07
        3.13159   -1.66638e-07
        3.13059   -2.21787e-07
        3.12959   -2.87928e-07
        3.12859   -3.66059e-07
        3.12759   -4.57177e-07
        3.12659   -5.62279e-07
        3.12559   -6.82361e-07
        3.12459    -8.1842e-07
        3.12359    -9.7145e-07
        3.12259   -1.14245e-06
        3.12159    -1.3324e-06
        3.12059   -1.54231e-06
        3.11959   -1.77316e-06
        3.11859   -2.02596e-06
        3.11759   -2.30168e-06
        3.11659   -2.60132e-06
        3.11559   -2.92587e-06
        3.11459   -3.27632e-06
        3.11359   -3.65365e-06
        3.11259   -4.05885e-06
        3.11159   -4.49292e-06
        3.11059   -4.95682e-06
        3.10959   -5.45155e-06
        3.10859   -5.97809e-06
        3.10759   -6.53742e-06
        3.10659   -7.13052e-06
        3.10559   -7.75838e-06
        3.10459   -8.42196e-06
        3.10359   -9.12224e-06
        3.10259   -9.86021e-06
        3.10159   -1.06368e-05
        3.10059   -1.14531e-05
        3.09959   -1.23099e-05
        3.09859   -1.32083e-05
        3.09759   -1.41493e-05
        3.09659   -1.51337e-05
        3.09559   -1.61627e-05
        3.09459    -1.7237e-05
        3.09359   -1.83578e-05
        3.09259   -1.95259e-05
        3.09159   -2.07423e-05
        3.09059    -2.2008e-05
        3.08959   -2.33239e-05
        3.08859    -2.4691e-05
        3.08759   -2.61103e-05
        3.08659   -2.75826e-05
        3.08559   -2.91089e-05
        3.08459   -3.06903e-05
        3.08359   -3.23275e-05
        3.08259   -3.40216e-05
        3.08159   -3.57736e-05
        3.08059   -3.75842e-05
        3.07959   -3.94546e-05
        3.07859   -4.13856e-05
        3.07759   -4.33781e-05
        3.07659   -4.54331e-05
        3.07559   -4.75514e-05
        3.07459   -4.97342e-05
        3.07359   -5.19821e-05
        3.07259   -5.42963e-05
        3.07159   -5.66775e-05
        3.07059   -5.91268e-05
        3.06959    -6.1645e-05
        3.06859    -6.4233e-05
        3.06759   -6.68917e-05
        3.06659   -6.96221e-05
        3.06559    -7.2425e-05
        3.06459   -7.53014e-05
        3.06359   -7.82522e-05
        3.06259   -8.12782e-05
        3.06159   -8.43803e-05
        3.06059   -8.75595e-05
        3.05959   -9.08166e-05
        3.05859   -9.41525e-05
        3.05759    -9.7568e-05
        3.05659   -0.000101064
        3.05559   -0.000104642
        3.05459   -0.000108302
        3.05359   -0.000112045
        3.05259   -0.000115872
        3.05159   -0.000119784
        3.05059   -0.000123782
        3.04959   -0.000127866
        3.04859   -0.000132038
        3.04759   -0.000136298
        3.04659   -0.000140648
        3.04559   -0.000145088
        3.04459   -0.000149618
        3.04359    -0.00015424
        3.04259   -0.000158955
        3.04159   -0.000163763
        3.04059   -0.000168665
        3.03959   -0.000173663
        3.03859   -0.000178756
        3.03759   -0.000183946
        3.03659   -0.000189233
        3.03559   -0.000194619
        3.03459   -0.000200104
        3.03359   -0.000205689
        3.03259   -0.000211374
        3.03159   -0.000217161
        3.03059   -0.000223051
        3.02959   -0.000229043
        3.02859   -0.000235139
        3.02759    -0.00024134
        3.02659   -0.000247647
        3.02559    -0.00025406
        3.02459    -0.00026058
        3.02359   -0.000267207
        3.02259   -0.000273943
        3.02159   -0.000280789
        3.02059   -0.000287744
        3.01959    -0.00029481
        3.01859   -0.000301988
        3.01759   -0.000309278
        3.01659   -0.000316681
        3.01559   -0.000324198
        3.01459    -0.00033183
        3.01359   -0.000339576
        3.01259   -0.000347439
        3.01159   -0.000355418
        3.01059   -0.000363515
        3.00959   -0.000371729
        3.00859   -0.000380063
        3.00759   -0.000388516
        3.00659   -0.000397089
        3.00559   -0.000405783
        3.00459   -0.000414599
        3.00359   -0.000423537
        3.00259   -0.000432598
        3.00159   -0.000441782
        3.00059   -0.000451091
        2.99959   -0.000460525
        2.99859   -0.000470084
        2.99759    -0.00047977
        2.99659   -0.000489582
        2.99559   -0.000499522
        2.99459   -0.000509591
        2.99359   -0.000519788
        2.99259   -0.000530114
        2.99159   -0.000540571
        2.99059   -0.000551159
        2.98959   -0.000561877
        2.98859   -0.000572728
        2.98759   -0.000583711
        2.98659   -0.000594828
        2.98559   -0.000606078
        2.98459   -0.000617462
        2.98359   -0.000628982
        2.98259   -0.000640637
        2.98159   -0.000652428
        2.98059   -0.000664356
        2.97959   -0.000676421
        2.97859   -0.000688623
        2.97759   -0.000700965
        2.97659   -0.000713445
        2.97559   -0.000726064
        2.97459   -0.000738824
        2.97359   -0.000751724
        2.97259   -0.000764765
        2.97159   -0.000777947
        2.97059   -0.000791272
        2.96959    -0.00080474
        2.96859    -0.00081835
        2.96759   -0.000832104
        2.96659   -0.000846002
        2.96559   -0.000860045
        2.96459   -0.000874233
        2.96359   -0.000888567
        2.96259   -0.000903046
        2.96159   -0.000917673
        2.96059   -0.000932446
        2.95959   -0.000947366
        2.95859   -0.000962435
        2.95759   -0.000977652
        2.95659   -0.000993017
        2.95559    -0.00100853
        2.95459     -0.0010242
        2.95359    -0.00104001
        2.95259    -0.00105598
        2.95159    -0.00107209
        2.95059    -0.00108836
        2.94959    -0.00110478
        2.94859    -0.00112135
        2.94759    -0.00113807
        2.94659    -0.00115495
        2.94559    -0.00117198
        2.94459    -0.00118916
        2.94359     -0.0012065
        2.94259    -0.00122399
        2.94159    -0.00124164
        2.94059    -0.00125944
        2.93959     -0.0012774
        2.93859    -0.00129551
        2.93759    -0.00131378
        2.93659     -0.0013322
        2.93559    -0.00135078
        2.93459    -0.00136952
        2.93359    -0.00138842
        2.93259    -0.00140747
        2.93159    -0.00142668
        2.93059    -0.00144605
        2.92959    -0.00146558
        2.92859    -0.00148527
        2.92759    -0.00150511
        2.92659    -0.00152512
        2.92559    -0.00154528
        2.92459    -0.00156561
        2.92359    -0.00158609
        2.92259    -0.00160673
        2.92159    -0.00162754
        2.92059     -0.0016485
        2.91959    -0.00166963
        2.91859    -0.00169092
        2.91759    -0.00171237
        2.91659    -0.00173397
        2.91559    -0.00175575
        2.91459    -0.00177768
        2.91359    -0.00179977
        2.91259    -0.00182203
        2.91159    -0.00184445
        2.91059    -0.00186703
        2.90959    -0.00188978
        2.90859    -0.00191269
        2.90759    -0.00193576
        2.90659    -0.00195899
        2.90559    -0.00198239
        2.90459    -0.00200594
        2.90359    -0.00202967
        2.90259    -0.00205355
        2.90159     -0.0020776
        2.90059    -0.00210182
        2.89959    -0.00212619
        2.89859    -0.00215073
        2.89759    -0.00217544
        2.89659    -0.00220031
        2.89559    -0.00222534
        2.89459    -0.00225054
        2.89359     -0.0022759
        2.89259    -0.00230142
        2.89159    -0.00232711
        2.89059    -0.00235296
        2.88959    -0.00237898
        2.88859    -0.00240516
        2.88759     -0.0024315
        2.88659    -0.00245801
        2.88559    -0.00248468
        2.88459    -0.00251152
        2.88359    -0.00253852
        2.88259    -0.00256568
        2.88159    -0.00259301
        2.88059     -0.0026205
        2.87959    -0.00264815
        2.87859    -0.00267597
        2.87759    -0.00270396
        2.87659     -0.0027321
        2.87559    -0.00276041
        2.87459    -0.00278888
        2.87359    -0.00281752
        2.87259    -0.00284632
        2.87159    -0.00287528
        2.87059     -0.0029044
        2.86959    -0.00293369
        2.86859    -0.00296314
        2.86759    -0.00299275
        2.86659    -0.00302252
        2.86559    -0.00305246
        2.86459    -0.00308255
        2.86359    -0.00311281
        2.86259    -0.00314323
        2.86159    -0.00317381
        2.86059    -0.00320456
        2.85959    -0.00323546
        2.85859    -0.00326652
        2.85759    -0.00329775
        2.85659    -0.00332913
        2.85559    -0.00336068
        2.85459    -0.00339238
        2.85359    -0.00342424
        2.85259    -0.00345627
        2.85159    -0.00348845
        2.85059    -0.00352079
        2.84959    -0.00355328
        2.84859    -0.00358594
        2.84759    -0.00361875
        2.84659    -0.00365172
        2.84559    -0.00368485
        2.84459    -0.00371813
        2.84359    -0.00375157
        2.84259    -0.00378517
        2.84159    -0.00381892
        2.84059    -0.00385283
        2.83959    -0.00388689
        2.83859    -0.00392111
        2.83759    -0.00395548
        2.83659       -0.00399
        2.83559    -0.00402468
        2.83459    -0.00405951
        2.83359    -0.00409449
        2.83259    -0.00412963
        2.83159    -0.00416491
        2.83059    -0.00420035
        2.82959    -0.00423594
        2.82859    -0.00427168
        2.82759    -0.00430756
        2.82659     -0.0043436
        2.82559    -0.00437979
        2.82459    -0.00441612
        2.82359    -0.00445261
        2.82259    -0.00448924
        2.82159    -0.00452601
        2.82059    -0.00456294
        2.81959    -0.00460001
        2.81859    -0.00463722
        2.81759    -0.00467458
        2.81659    -0.00471208
        2.81559    -0.00474973
        2.81459    -0.00478752
        2.81359    -0.00482545
        2.81259    -0.00486353
        2.81159    -0.00490174
        2.81059     -0.0049401
        2.80959    -0.00497859
        2.80859    -0.00501723
        2.80759      -0.005056
        2.80659    -0.00509492
        2.80559    -0.00513397
        2.80459    -0.00517316
        2.80359    -0.00521248
        2.80259    -0.00525194
        2.80159    -0.00529153
        2.80059    -0.00533126
        2.79959    -0.00537112
        2.79859    -0.00541112
        2.79759    -0.00545125
        2.79659    -0.00549151
        2.79559     -0.0055319
        2.79459    -0.00557242
        2.79359    -0.00561306
        2.79259    -0.00565384
        2.79159    -0.00569475
        2.79059    -0.00573578
        2.78959    -0.00577694
        2.78859    -0.00581822
        2.78759    -0.00585963
        2.78659    -0.00590116
        2.78559    -0.00594282
        2.78459     -0.0059846
        2.78359     -0.0060265
        2.78259    -0.00606852
        2.78159    -0.00611066
        2.78059    -0.00615292
        2.77959     -0.0061953
        2.77859    -0.00623779
        2.77759     -0.0062804
        2.77659    -0.00632313
        2.77559    -0.00636597
        2.77459    -0.00640893
        2.77359    -0.00645199
        2.77259    -0.00649517
        2.77159    -0.00653847
        2.77059    -0.00658187
        2.76959    -0.00662538
        2.76859      -0.006669
        2.76759    -0.00671272
        2.76659    -0.00675656
        2.76559    -0.00680049
        2.76459    -0.00684454
        2.76359    -0.00688868
        2.76259    -0.00693293
        2.76159    -0.00697728
        2.76059    -0.00702173
        2.75959    -0.00706628
        2.75859    -0.00711093
        2.75759    -0.00715568
        2.75659    -0.00720052
        2.75559    -0.00724546
        2.75459    -0.00729049
        2.75359    -0.00733562
        2.75259    -0.00738084
        2.75159    -0.00742614
        2.75059    -0.00747154
        2.74959    -0.00751703
        2.74859    -0.00756261
        2.74759    -0.00760827
        2.74659    -0.00765402
        2.74559    -0.00769985
        2.74459    -0.00774577
        2.74359    -0.00779177
        2.74259    -0.00783785
        2.74159    -0.00788401
        2.74059    -0.00793025
        2.73959    -0.00797656
        2.73859    -0.00802296
        2.73759    -0.00806943
        2.73659    -0.00811597
        2.73559    -0.00816258
        2.73459    -0.00820927
        2.73359    -0.00825603
        2.73259    -0.00830285
        2.73159    -0.00834975
        2.73059    -0.00839671
        2.72959    -0.00844374
        2.72859    -0.00849083
        2.72759    -0.00853798
        2.72659     -0.0085852
        2.72559    -0.00863248
        2.72459    -0.00867981
        2.72359    -0.00872721
        2.72259    -0.00877466
        2.72159    -0.00882216
        2.72059    -0.00886972
        2.71959    -0.00891733
        2.71859      -0.008965
        2.71759    -0.00901271
        2.71659    -0.00906047
        2.71559    -0.00910828
        2.71459    -0.00915614
        2.71359    -0.00920404
        2.71259    -0.00925198
        2.71159    -0.00929997
        2.71059    -0.00934799
        2.70959    -0.00939606
        2.70859    -0.00944416
        2.70759     -0.0094923
        2.70659    -0.00954047
        2.70559    -0.00958867
        2.70459    -0.00963691
        2.70359    -0.00968518
        2.70259    -0.00973348
        2.70159     -0.0097818
        2.70059    -0.00983015
        2.69959    -0.00987853
        2.69859    -0.00992693
        2.69759    -0.00997535
        2.69659     -0.0100238
        2.69559     -0.0100722
        2.69459     -0.0101207
        2.69359     -0.0101692
        2.69259     -0.0102177
        2.69159     -0.0102662
        2.69059     -0.0103148
        2.68959     -0.0103633
        2.68859     -0.0104118
        2.68759     -0.0104604
        2.68659      -0.010509
        2.68559     -0.0105575
        2.68459     -0.0106061
        2.68359     -0.0106546
        2.68259     -0.0107032
        2.68159     -0.0107517
        2.68059     -0.0108003
        2.67959     -0.0108488
        2.67859     -0.0108974
        2.67759     -0.0109459
        2.67659     -0.0109944
        2.67559     -0.0110429
        2.67459     -0.0110914
        2.67359     -0.0111399
        2.67259     -0.0111883
        2.67159     -0.0112368
        2.67059     -0.0112852
        2.66959     -0.0113336
        2.66859     -0.0113819
        2.66759     -0.0114302
        2.66659     -0.0114786
        2.66559     -0.0115268
        2.66459     -0.0115751
        2.66359     -0.0116233
        2.66259     -0.0116715
        2.66159     -0.0117196
        2.66059     -0.0117677
        2.65959     -0.0118158
        2.65859     -0.0118638
        2.65759     -0.0119118
        2.65659     -0.0119597
        2.65559     -0.0120076
        2.65459     -0.0120554
        2.65359     -0.0121032
        2.65259     -0.0121509
        2.65159     -0.0121986
        2.65059     -0.0122462
        2.64959     -0.0122937
        2.64859     -0.0123412
        2.64759     -0.0123887
        2.64659      -0.012436
        2.64559     -0.0124833
        2.64459     -0.0125306
        2.64359     -0.0125777
        2.64259     -0.0126248
        2.64159     -0.0126718
        2.64059     -0.0127188
        2.63959     -0.0127657
        2.63859     -0.0128124
        2.63759     -0.0128591
        2.63659     -0.0129058
        2.63559     -0.0129523
        2.63459     -0.0129988
        2.63359     -0.0130451
        2.63259     -0.0130914
        2.63159     -0.0131376
        2.63059     -0.0131836
        2.62959     -0.0132296
        2.62859     -0.0132755
        2.62759     -0.0133213
        2.62659      -0.013367
        2.62559     -0.0134126
        2.62459      -0.013458
        2.62359     -0.0135034
        2.62259     -0.0135487
        2.62159     -0.0135938
        2.62059     -0.0136388
        2.61959     -0.0136837
        2.61859     -0.0137285
        2.61759     -0.0137732
        2.61659     -0.0138177
        2.61559     -0.0138622
        2.61459     -0.0139065
        2.61359     -0.0139506
        2.61259     -0.0139947
        2.61159     -0.0140386
        2.61059     -0.0140823
        2.60959      -0.014126
        2.60859     -0.0141695
        2.60759     -0.0142128
        2.60659      -0.014256
        2.60559     -0.0142991
        2.60459      -0.014342
        2.60359     -0.0143847
        2.60259     -0.0144274
        2.60159     -0.0144698
        2.60059     -0.0145121
        2.59959     -0.0145543
        2.59859     -0.0145962
        2.59759      -0.014638
        2.59659     -0.0146797
        2.59559     -0.0147212
        2.59459     -0.0147625
        2.59359     -0.0148036
        2.59259     -0.0148446
        2.59159     -0.0148854
        2.59059      -0.014926
        2.58959     -0.0149665
        2.58859     -0.0150067
        2.58759     -0.0150468
        2.58659     -0.0150867
        2.58559     -0.0151264
        2.58459     -0.0151659
        2.58359     -0.0152052
        2.58259     -0.0152443
        2.58159     -0.0152832
        2.58059     -0.0153219
        2.57959     -0.0153604
        2.57859     -0.0153988
        2.57759     -0.0154369
        2.57659     -0.0154747
        2.57559     -0.0155124
        2.57459     -0.0155499
        2.57359     -0.0155871
        2.57259     -0.0156242
        2.57159      -0.015661
        2.57059     -0.0156976
        2.56959      -0.015734
        2.56859     -0.0157701
        2.56759      -0.015806
        2.56659     -0.0158417
        2.56559     -0.0158771
        2.56459     -0.0159123
        2.56359     -0.0159473
        2.56259      -0.015982
        2.56159     -0.0160165
        2.56059     -0.0160507
        2.55959     -0.0160847
        2.55859     -0.0161184
        2.55759     -0.0161519
        2.55659     -0.0161852
        2.55559     -0.0162181
        2.55459     -0.0162508
        2.55359     -0.0162833
        2.55259     -0.0163155
        2.55159     -0.0163474
        2.55059      -0.016379
        2.54959     -0.0164104
        2.54859     -0.0164415
        2.54759     -0.0164723
        2.54659     -0.0165029
        2.54559     -0.0165331
        2.54459     -0.0165631
        2.54359     -0.0165928
        2.54259     -0.0166222
        2.54159     -0.0166513
        2.54059     -0.0166801
        2.53959     -0.0167087
        2.53859     -0.0167369
        2.53759     -0.0167648
        2.53659     -0.0167924
        2.53559     -0.0168197
        2.53459     -0.0168467
        2.53359     -0.0168734
        2.53259     -0.0168998
        2.53159     -0.0169259
        2.53059     -0.0169516
        2.52959     -0.0169771
        2.52859     -0.0170022
        2.52759      -0.017027
        2.52659     -0.0170514
        2.52559     -0.0170755
        2.52459     -0.0170993
        2.52359     -0.0171228
        2.52259     -0.0171459
        2.52159     -0.0171687
        2.52059     -0.0171911
        2.51959     -0.0172132
        2.51859      -0.017235
        2.51759     -0.0172564
        2.51659     -0.0172774
        2.51559     -0.0172981
        2.51459     -0.0173184
        2.51359     -0.0173384
        2.51259      -0.017358
        2.51159     -0.0173772
        2.51059     -0.0173961
        2.50959     -0.0174146
        2.50859     -0.0174327
        2.50759     -0.0174505
        2.50659     -0.0174679
        2.50559     -0.0174849
        2.50459     -0.0175015
        2.50359     -0.0175177
        2.50259     -0.0175336
        2.50159      -0.017549
        2.50059     -0.0175641
        2.49959     -0.0175787
        2.49859      -0.017593
        2.49759     -0.0176069
        2.49659     -0.0176203
        2.49559     -0.0176334
        2.49459      -0.017646
        2.49359     -0.0176583
        2.49259     -0.0176701
        2.49159     -0.0176815
        2.49059     -0.0176925
        2.48959     -0.0177031
        2.48859     -0.0177132
        2.48759      -0.017723
        2.48659     -0.0177323
        2.48559     -0.0177411
        2.48459     -0.0177496
        2.48359     -0.0177575
        2.48259     -0.0177651
        2.48159     -0.0177722
        2.48059     -0.0177789
        2.47959     -0.0177851
        2.47859     -0.0177909
        2.47759     -0.0177962
        2.47659     -0.0178011
        2.47559     -0.0178055
        2.47459     -0.0178094
        2.47359     -0.0178129
        2.47259      -0.017816
        2.47159     -0.0178185
        2.47059     -0.0178206
        2.46959     -0.0178222
        2.46859     -0.0178234
        2.46759     -0.0178241
        2.46659     -0.0178242
        2.46559     -0.0178239
        2.46459     -0.0178232
        2.46359     -0.0178219
        2.46259     -0.0178201
        2.46159     -0.0178179
        2.46059     -0.0178151
        2.45959     -0.0178119
        2.45859     -0.0178081
        2.45759     -0.0178039
        2.45659     -0.0177991
        2.45559     -0.0177939
        2.45459     -0.0177881
        2.45359     -0.0177818
        2.45259      -0.017775
        2.45159     -0.0177677
        2.45059     -0.0177599
        2.44959     -0.0177515
        2.44859     -0.0177426
        2.44759     -0.0177332
        2.44659     -0.0177232
        2.44559     -0.0177127
        2.44459     -0.0177017
        2.44359     -0.0176901
        2.44259      -0.017678
        2.44159     -0.0176654
        2.44059     -0.0176522
        2.43959     -0.0176384
        2.43859     -0.0176241
        2.43759     -0.0176092
        2.43659     -0.0175938
        2.43559     -0.0175779
        2.43459     -0.0175613
        2.43359     -0.0175442
        2.43259     -0.0175265
        2.43159     -0.0175083
        2.43059     -0.0174895
        2.42959     -0.0174701
        2.42859     -0.0174501
        2.42759     -0.0174296
        2.42659     -0.0174084
        2.42559     -0.0173867
        2.42459     -0.0173644
        2.42359     -0.0173415
        2.42259      -0.017318
        2.42159     -0.0172939
        2.42059     -0.0172692
        2.41959     -0.0172439
        2.41859      -0.017218
        2.41759     -0.0171915
        2.41659     -0.0171644
        2.41559     -0.0171366
        2.41459     -0.0171083
        2.41359     -0.0170793
        2.41259     -0.0170498
        2.41159     -0.0170196
        2.41059     -0.0169887
        2.40959     -0.0169573
        2.40859     -0.0169252
        2.40759     -0.0168925
        2.40659     -0.0168591
        2.40559     -0.0168251
        2.40459     -0.0167905
        2.40359     -0.0167552
        2.40259     -0.0167193
        2.40159     -0.0166827
        2.40059     -0.0166455
        2.39959     -0.0166076
        2.39859     -0.0165691
        2.39759     -0.0165299
        2.39659     -0.0164901
        2.39559     -0.0164496
        2.39459     -0.0164084
        2.39359     -0.0163665
        2.39259      -0.016324
        2.39159     -0.0162808
        2.39059      -0.016237
        2.38959     -0.0161924
        2.38859     -0.0161472
        2.38759     -0.0161013
        2.38659     -0.0160547
        2.38559     -0.0160074
        2.38459     -0.0159594
        2.38359     -0.0159107
        2.38259     -0.0158614
        2.38159     -0.0158113
        2.38059     -0.0157605
        2.37959     -0.0157091
        2.37859     -0.0156569
        2.37759      -0.015604
        2.37659     -0.0155504
        2.37559     -0.0154961
        2.37459     -0.0154411
        2.37359     -0.0153853
        2.37259     -0.0153288
        2.37159     -0.0152716
        2.37059     -0.0152137
        2.36959     -0.0151551
        2.36859     -0.0150957
        2.36759     -0.0150356
        2.36659     -0.0149747
        2.36559     -0.0149131
        2.36459     -0.0148508
        2.36359     -0.0147877
        2.36259     -0.0147239
        2.36159     -0.0146593
        2.36059      -0.014594
        2.35959     -0.0145279
        2.35859     -0.0144611
        2.35759     -0.0143935
        2.35659     -0.0143252
        2.35559     -0.0142561
        2.35459     -0.0141862
        2.35359     -0.0141155
        2.35259     -0.0140441
        2.35159     -0.0139719
        2.35059      -0.013899
        2.34959     -0.0138252
        2.34859     -0.0137507
        2.34759     -0.0136754
        2.34659     -0.0135993
        2.34559     -0.0135224
        2.34459     -0.0134447
        2.34359     -0.0133663
        2.34259      -0.013287
        2.34159      -0.013207
        2.34059     -0.0131261
        2.33959     -0.0130445
        2.33859      -0.012962
        2.33759     -0.0128787
        2.33659     -0.0127947
        2.33559     -0.0127098
        2.33459     -0.0126241
        2.33359     -0.0125376
        2.33259     -0.0124502
        2.33159     -0.0123621
        2.33059     -0.0122731
        2.32959     -0.0121833
        2.32859     -0.0120927
        2.32759     -0.0120012
        2.32659     -0.0119089
        2.32559     -0.0118158
        2.32459     -0.0117218
        2.32359      -0.011627
        2.32259     -0.0115314
        2.32159     -0.0114349
        2.32059     -0.0113376
        2.31959     -0.0112394
        2.31859     -0.0111404
        2.31759     -0.0110405
        2.31659     -0.0109397
        2.31559     -0.0108381
        2.31459     -0.0107357
        2.31359     -0.0106324
        2.31259     -0.0105282
        2.31159     -0.0104231
        2.31059     -0.0103172
        2.30959     -0.0102104
        2.30859     -0.0101028
        2.30759    -0.00999425
        2.30659    -0.00988484
        2.30559    -0.00977455
        2.30459    -0.00966338
        2.30359    -0.00955132
        2.30259    -0.00943838
        2.30159    -0.00932456
        2.30059    -0.00920984
        2.29959    -0.00909422
        2.29859    -0.00897772
        2.29759    -0.00886032
        2.29659    -0.00874201
        2.29559    -0.00862281
        2.29459     -0.0085027
        2.29359    -0.00838169
        2.29259    -0.00825977
        2.29159    -0.00813695
        2.29059    -0.00801321
        2.28959    -0.00788855
        2.28859    -0.00776298
        2.28759     -0.0076365
        2.28659    -0.00750909
        2.28559    -0.00738076
        2.28459    -0.00725151
        2.28359    -0.00712133
        2.28259    -0.00699022
        2.28159    -0.00685818
        2.28059    -0.00672521
        2.27959    -0.00659131
        2.27859    -0.00645647
        2.27759    -0.00632069
        2.27659    -0.00618397
        2.27559    -0.00604631
        2.27459     -0.0059077
        2.27359    -0.00576815
        2.27259    -0.00562765
        2.27159     -0.0054862
        2.27059    -0.00534379
        2.26959    -0.00520044
        2.26859    -0.00505612
        2.26759    -0.00491085
        2.26659    -0.00476462
        2.26559    -0.00461743
        2.26459    -0.00446927
        2.26359    -0.00432014
        2.26259    -0.00417005
        2.26159    -0.00401899
        2.26059    -0.00386696
        2.25959    -0.00371395
        2.25859    -0.00355997
        2.25759    -0.00340501
        2.25659    -0.00324908
        2.25559    -0.00309216
        2.25459    -0.00293426
        2.25359    -0.00277537
        2.25259     -0.0026155
        2.25159    -0.00245464
        2.25059    -0.00229279
        2.24959    -0.00212995
        2.24859    -0.00196611
        2.24759    -0.00180128
        2.24659    -0.00163545
        2.24559    -0.00146862
        2.24459     -0.0013008
        2.24359    -0.00113197
        2.24259    -0.00096213
        2.24159   -0.000791289
        2.24059    -0.00061944
        2.23959   -0.000446582
        2.23859   -0.000272712
        2.23759   -9.78301e-05
        2.23659    7.80669e-05
        2.23559     0.00025498
        2.23459    0.000432911
        2.23359    0.000611862
        2.23259    0.000791835
        2.23159     0.00097283
        2.23059     0.00115485
        2.22959      0.0013379
        2.22859     0.00152197
        2.22759     0.00170707
        2.22659     0.00189321
        2.22559     0.00208038
        2.22459     0.00226858
        2.22359     0.00245781
        2.22259     0.00264809
        2.22159      0.0028394
        2.22059     0.00303176
        2.21959     0.00322516
        2.21859      0.0034196
        2.21759     0.00361508
        2.21659     0.00381162
        2.21559      0.0040092
        2.21459     0.00420783
        2.21359     0.00440751
        2.21259     0.00460824
        2.21159     0.00481003
        2.21059     0.00501288
        2.20959     0.00521678
        2.20859     0.00542174
        2.20759     0.00562776
        2.20659     0.00583484
        2.20559     0.00604299
        2.20459      0.0062522
        2.20359     0.00646247
        2.20259     0.00667382
        2.20159     0.00688623
        2.20059     0.00709971
        2.19959     0.00731426
        2.19859     0.00752988
        2.19759     0.00774658
        2.19659     0.00796436
        2.19559     0.00818321
        2.19459     0.00840314
        2.19359     0.00862414
        2.19259     0.00884623
        2.19159      0.0090694
        2.19059     0.00929365
        2.18959     0.00951899
        2.18859     0.00974541
        2.18759     0.00997292
        2.18659      0.0102015
        2.18559      0.0104312
        2.18459       0.010662
        2.18359      0.0108939
        2.18259      0.0111268
        2.18159      0.0113609
        2.18059       0.011596
        2.17959      0.0118323
        2.17859      0.0120696
        2.17759      0.0123081
        2.17659      0.0125476
        2.17559      0.0127883
        2.17459        0.01303
        2.17359      0.0132728
        2.17259      0.0135168
        2.17159      0.0137619
        2.17059       0.014008
        2.16959      0.0142553
        2.16859      0.0145037
        2.16759      0.0147532
        2.16659      0.0150038
        2.16559      0.0152555
        2.16459      0.0155083
        2.16359      0.0157623
        2.16259      0.0160173
        2.16159      0.0162735
        2.16059      0.0165308
        2.15959      0.0167892
        2.15859      0.0170487
        2.15759      0.0173093
        2.15659      0.0175711
        2.15559       0.017834
        2.15459       0.018098
        2.15359      0.0183631
        2.15259      0.0186294
        2.15159      0.0188967
        2.15059      0.0191652
        2.14959      0.0194349
        2.14859      0.0197056
        2.14759      0.0199775
        2.14659      0.0202505
        2.14559      0.0205247
        2.14459      0.0207999
        2.14359      0.0210763
        2.14259      0.0213539
        2.14159      0.0216325
        2.14059      0.0219123
        2.13959      0.0221933
        2.13859      0.0224753
        2.13759      0.0227585
        2.13659      0.0230429
        2.13559      0.0233284
        2.13459       0.023615
        2.13359      0.0239027
        2.13259      0.0241916
        2.13159      0.0244817
        2.13059      0.0247728
        2.12959      0.0250651
        2.12859      0.0253586
        2.12759      0.0256532
        2.12659      0.0259489
        2.12559      0.0262458
        2.12459      0.0265438
        2.12359       0.026843
        2.12259      0.0271433
        2.12159      0.0274448
        2.12059      0.0277474
        2.11959      0.0280511
        2.11859       0.028356
        2.11759      0.0286621
        2.11659      0.0289693
        2.11559      0.0292776
        2.11459      0.0295871
        2.11359      0.0298977
        2.11259      0.0302095
        2.11159      0.0305224
        2.11059      0.0308365
        2.10959      0.0311518
        2.10859      0.0314682
        2.10759      0.0317857
        2.10659      0.0321044
        2.10559      0.0324242
        2.10459      0.0327452
        2.10359      0.0330674
        2.10259      0.0333907
        2.10159      0.0337151
        2.10059      0.0340407
        2.09959      0.0343675
        2.09859      0.0346954
        2.09759      0.0350244
        2.09659      0.0353547
        2.09559       0.035686
        2.09459      0.0360186
        2.09359      0.0363522
        2.09259      0.0366871
        2.09159      0.0370231
        2.09059      0.0373602
        2.08959      0.0376985
        2.08859       0.038038
        2.08759      0.0383786
        2.08659      0.0387204
        2.08559      0.0390633
        2.08459      0.0394074
        2.08359      0.0397526
        2.08259       0.040099
        2.08159      0.0404465
        2.08059      0.0407953
        2.07959      0.0411451
        2.07859      0.0414961
        2.07759      0.0418483
        2.07659      0.0422016
        2.07559      0.0425561
        2.07459      0.0429117
        2.07359      0.0432685
        2.07259      0.0436265
        2.07159      0.0439856
        2.07059      0.0443459
        2.06959      0.0447073
        2.06859      0.0450698
        2.06759      0.0454336
        2.06659      0.0457984
        2.06559      0.0461645
        2.06459      0.0465317
        2.06359         0.0469
        2.06259      0.0472695
        2.06159      0.0476401
        2.06059       0.048012
        2.05959      0.0483849
        2.05859       0.048759
        2.05759      0.0491343
        2.05659      0.0495107
        2.05559      0.0498883
        2.05459       0.050267
        2.05359      0.0506468
        2.05259      0.0510279
        2.05159        0.05141
        2.05059      0.0517934
        2.04959      0.0521778
        2.04859      0.0525634
        2.04759      0.0529502
        2.04659      0.0533381
        2.04559      0.0537272
        2.04459      0.0541174
        2.04359      0.0545088
        2.04259      0.0549013
        2.04159      0.0552949
        2.04059      0.0556897
        2.03959      0.0560857
        2.03859      0.0564828
        2.03759       0.056881
        2.03659      0.0572804
        2.03559      0.0576809
        2.03459      0.0580826
        2.03359      0.0584854
        2.03259      0.0588893
        2.03159      0.0592944
        2.03059      0.0597006
        2.02959       0.060108
        2.02859      0.0605165
        2.02759      0.0609262
        2.02659      0.0613369
        2.02559      0.0617489
        2.02459      0.0621619
        2.02359      0.0625761
        2.02259      0.0629914
        2.02159      0.0634079
        2.02059      0.0638255
        2.01959      0.0642442
        2.01859       0.064664
        2.01759       0.065085
        2.01659      0.0655071
        2.01559      0.0659304
        2.01459      0.0663548
        2.01359      0.0667803
        2.01259      0.0672069
        2.01159      0.0676346
        2.01059      0.0680635
        2.00959      0.0684935
        2.00859      0.0689246
        2.00759      0.0693569
        2.00659      0.0697902
        2.00559      0.0702247
        2.00459      0.0706603
        2.00359      0.0710971
        2.00259      0.0715349
        2.00159      0.0719739
        2.00059      0.0724139
        1.99959      0.0728551
        1.99859      0.0732974
        1.99759      0.0737408
        1.99659      0.0741853
        1.99559       0.074631
        1.99459      0.0750777
        1.99359      0.0755255
        1.99259      0.0759745
        1.99159      0.0764246
        1.99059      0.0768757
        1.98959       0.077328
        1.98859      0.0777813
        1.98759      0.0782358
        1.98659      0.0786914
        1.98559       0.079148
        1.98459      0.0796058
        1.98359      0.0800646
        1.98259      0.0805246
        1.98159      0.0809856
        1.98059      0.0814478
        1.97959       0.081911
        1.97859      0.0823753
        1.97759      0.0828407
        1.97659      0.0833072
        1.97559      0.0837748
        1.97459      0.0842434
        1.97359      0.0847131
        1.97259       0.085184
        1.97159      0.0856559
        1.97059      0.0861288
        1.96959      0.0866029
        1.96859       0.087078
        1.96759      0.0875542
        1.96659      0.0880315
        1.96559      0.0885098
        1.96459      0.0889892
        1.96359      0.0894697
        1.96259      0.0899512
        1.96159      0.0904339
        1.96059      0.0909175
        1.95959      0.0914023
        1.95859       0.091888
        1.95759      0.0923749
        1.95659      0.0928628
        1.95559      0.0933518
        1.95459      0.0938418
        1.95359      0.0943328
        1.95259       0.094825
        1.95159      0.0953181
        1.95059      0.0958123
        1.94959      0.0963076
        1.94859      0.0968039
        1.94759      0.0973012
        1.94659      0.0977996
        1.94559       0.098299
        1.94459      0.0987995
        1.94359       0.099301
        1.94259      0.0998035
        1.94159       0.100307
        1.94059       0.100812
        1.93959       0.101317
        1.93859       0.101824
        1.93759       0.102332
        1.93659        0.10284
        1.93559        0.10335
        1.93459       0.103861
        1.93359       0.104372
        1.93259       0.104885
        1.93159       0.105399
        1.93059       0.105914
        1.92959       0.106429
        1.92859       0.106946
        1.92759       0.107464
        1.92659       0.107983
        1.92559       0.108503
        1.92459       0.109023
        1.92359       0.109545
        1.92259       0.110068
        1.92159       0.110592
        1.92059       0.111116
        1.91959       0.111642
        1.91859       0.112169
        1.91759       0.112697
        1.91659       0.113225
        1.91559       0.113755
        1.91459       0.114286
        1.91359       0.114817
        1.91259        0.11535
        1.91159       0.115883
        1.91059       0.116418
        1.90959       0.116953
        1.90859        0.11749
        1.90759       0.118027
        1.90659       0.118566
        1.90559       0.119105
        1.90459       0.119645
        1.90359       0.120187
        1.90259       0.120729
        1.90159       0.121272
        1.90059       0.121816
        1.89959       0.122361
        1.89859       0.122907
        1.89759       0.123454
        1.89659       0.124002
        1.89559       0.124551
        1.89459         0.1251
        1.89359       0.125651
        1.89259       0.126202
        1.89159       0.126755
        1.89059       0.127308
        1.88959       0.127863
        1.88859       0.128418
        1.88759       0.128974
        1.88659       0.129531
        1.88559       0.130089
        1.88459       0.130648
        1.88359       0.131208
        1.88259       0.131769
        1.88159        0.13233
        1.88059       0.132893
        1.87959       0.133456
        1.87859        0.13402
        1.87759       0.134586
        1.87659       0.135152
        1.87559       0.135719
        1.87459       0.136286
        1.87359       0.136855
        1.87259       0.137425
        1.87159       0.137995
        1.87059       0.138566
        1.86959       0.139139
        1.86859       0.139712
        1.86759       0.140285
        1.86659        0.14086
        1.86559       0.141436
        1.86459       0.142012
        1.86359        0.14259
        1.86259       0.143168
        1.86159       0.143747
        1.86059       0.144327
        1.85959       0.144907
        1.85859       0.145489
        1.85759       0.146071
        1.85659       0.146654
        1.85559       0.147238
        1.85459       0.147823
        1.85359       0.148409
        1.85259       0.148996
        1.85159       0.149583
        1.85059       0.150171
        1.84959        0.15076
        1.84859        0.15135
        1.84759        0.15194
        1.84659       0.152531
        1.84559       0.153124
        1.84459       0.153717
        1.84359        0.15431
        1.84259       0.154905
        1.84159         0.1555
        1.84059       0.156096
        1.83959       0.156693
        1.83859       0.157291
        1.83759       0.157889
        1.83659       0.158488
        1.83559       0.159088
        1.83459       0.159689
        1.83359        0.16029
        1.83259       0.160893
        1.83159       0.161496
        1.83059       0.162099
        1.82959       0.162704
        1.82859       0.163309
        1.82759       0.163915
        1.82659       0.164522
        1.82559       0.165129
        1.82459       0.165738
        1.82359       0.166347
        1.82259       0.166956
        1.82159       0.167567
        1.82059       0.168178
        1.81959       0.168789
        1.81859       0.169402
        1.81759       0.170015
        1.81659       0.170629
        1.81559       0.171244
        1.81459       0.171859
        1.81359       0.172475
        1.81259       0.173092
        1.81159       0.173709
        1.81059       0.174328
        1.80959       0.174946
        1.80859       0.175566
        1.80759       0.176186
        1.80659       0.176807
        1.80559       0.177428
        1.80459        0.17805
        1.80359       0.178673
        1.80259       0.179297
        1.80159       0.179921
        1.80059       0.180546
        1.79959       0.181171
        1.79859       0.181797
        1.79759       0.182424
        1.79659       0.183051
        1.79559       0.183679
        1.79459       0.184308
        1.79359       0.184937
        1.79259       0.185567
        1.79159       0.186198
        1.79059       0.186829
        1.78959       0.187461
        1.78859       0.188093
        1.78759       0.188726
        1.78659       0.189359
        1.78559       0.189994
        1.78459       0.190628
        1.78359       0.191264
        1.78259         0.1919
        1.78159       0.192536
        1.78059       0.193173
        1.77959       0.193811
        1.77859       0.194449
        1.77759       0.195088
        1.77659       0.195727
        1.77559       0.196367
        1.77459       0.197008
        1.77359       0.197649
        1.77259       0.198291
        1.77159       0.198933
        1.77059       0.199575
        1.76959       0.200219
        1.76859       0.200862
        1.76759       0.201507
        1.76659       0.202152
        1.76559       0.202797
        1.76459       0.203443
        1.76359       0.204089
        1.76259       0.204736
        1.76159       0.205384
        1.76059       0.206032
        1.75959        0.20668
        1.75859       0.207329
        1.75759       0.207978
        1.75659       0.208628
        1.75559       0.209279
        1.75459        0.20993
        1.75359       0.210581
        1.75259       0.211233
        1.75159       0.211885
        1.75059       0.212538
        1.74959       0.213191
        1.74859       0.213845
        1.74759       0.214499
        1.74659       0.215154
        1.74559       0.215809
        1.74459       0.216464
        1.74359        0.21712
        1.74259       0.217777
        1.74159       0.218433
        1.74059       0.219091
        1.73959       0.219748
        1.73859       0.220406
        1.73759       0.221065
        1.73659       0.221724
        1.73559       0.222383
        1.73459       0.223043
        1.73359       0.223703
        1.73259       0.224364
        1.73159       0.225024
        1.73059       0.225686
        1.72959       0.226347
        1.72859       0.227009
        1.72759       0.227672
        1.72659       0.228335
        1.72559       0.228998
        1.72459       0.229661
        1.72359       0.230325
        1.72259       0.230989
        1.72159       0.231654
        1.72059       0.232319
        1.71959       0.232984
        1.71859        0.23365
        1.71759       0.234316
        1.71659       0.234982
        1.71559       0.235649
        1.71459       0.236316
        1.71359       0.236983
        1.71259        0.23765
        1.71159       0.238318
        1.71059       0.238986
        1.70959       0.239655
        1.70859       0.240324
        1.70759       0.240993
        1.70659       0.241662
        1.70559       0.242332
        1.70459       0.243002
        1.70359       0.243672
        1.70259       0.244342
        1.70159       0.245013
        1.70059       0.245684
        1.69959       0.246355
        1.69859       0.247027
        1.69759       0.247698
        1.69659        0.24837
        1.69559       0.249042
        1.69459       0.249715
        1.69359       0.250388
        1.69259        0.25106
        1.69159       0.251734
        1.69059       0.252407
        1.68959        0.25308
        1.68859       0.253754
        1.68759       0.254428
        1.68659       0.255102
        1.68559       0.255777
        1.68459       0.256451
        1.68359       0.257126
        1.68259       0.257801
        1.68159       0.258476
        1.68059       0.259151
        1.67959       0.259827
        1.67859       0.260502
        1.67759       0.261178
        1.67659       0.261854
        1.67559        0.26253
        1.67459       0.263206
        1.67359       0.263883
        1.67259       0.264559
        1.67159       0.265236
        1.67059       0.265913
        1.66959        0.26659
        1.66859       0.267267
        1.66759       0.267944
        1.66659       0.268621
        1.66559       0.269299
        1.66459       0.269976
        1.66359       0.270654
        1.66259       0.271331
        1.66159       0.272009
        1.66059       0.272687
        1.65959       0.273365
        1.65859       0.274043
        1.65759       0.274721
        1.65659       0.275399
        1.65559       0.276077
        1.65459       0.276755
        1.65359       0.277434
        1.65259       0.278112
        1.65159        0.27879
        1.65059       0.279469
        1.64959       0.280147
        1.64859       0.280826
        1.64759       0.281504
        1.64659       0.282183
        1.64559       0.282862
        1.64459        0.28354
        1.64359       0.284219
        1.64259       0.284897
        1.64159       0.285576
        1.64059       0.286255
        1.63959       0.286933
        1.63859       0.287612
        1.63759        0.28829
        1.63659       0.288969
        1.63559       0.289647
        1.63459       0.290326
        1.63359       0.291004
        1.63259       0.291683
        1.63159       0.292361
        1.63059       0.293039
        1.62959       0.293718
        1.62859       0.294396
        1.62759       0.295074
        1.62659       0.295752
        1.62559        0.29643
        1.62459       0.297108
        1.62359       0.297786
        1.62259       0.298463
        1.62159       0.299141
        1.62059       0.299819
        1.61959       0.300496
        1.61859       0.301173
        1.61759        0.30185
        1.61659       0.302528
        1.61559       0.303205
        1.61459       0.303881
        1.61359       0.304558
        1.61259       0.305235
        1.61159       0.305911
        1.61059       0.306588
        1.60959       0.307264
        1.60859        0.30794
        1.60759       0.308616
        1.60659       0.309291
        1.60559       0.309967
        1.60459       0.310642
        1.60359       0.311317
        1.60259       0.311992
        1.60159       0.312667
        1.60059       0.313342
        1.59959       0.314016
        1.59859        0.31469
        1.59759       0.315364
        1.59659       0.316038
        1.59559       0.316712
        1.59459       0.317385
        1.59359       0.318058
        1.59259       0.318731
        1.59159       0.319404
        1.59059       0.320077
        1.58959       0.320749
        1.58859       0.321421
        1.58759       0.322092
        1.58659       0.322764
        1.58559       0.323435
        1.58459       0.324106
        1.58359       0.324777
        1.58259       0.325447
        1.58159       0.326117
        1.58059       0.326787
        1.57959       0.327457
        1.57859       0.328126
        1.57759       0.328795
        1.57659       0.329464
        1.57559       0.330132
        1.57459         0.3308
        1.57359       0.331468
        1.57259       0.332135
        1.57159       0.332802
        1.57059       0.333469
        1.56959       0.334136
        1.56859       0.334802
        1.56759       0.335467
        1.56659       0.336133
        1.56559       0.336798
        1.56459       0.337463
        1.56359       0.338127
        1.56259       0.338791
        1.56159       0.339454
        1.56059       0.340118
        1.55959        0.34078
        1.55859       0.341443
        1.55759       0.342105
        1.55659       0.342767
        1.55559       0.343428
        1.55459       0.344089
        1.55359       0.344749
        1.55259       0.345409
        1.55159       0.346069
        1.55059       0.346728
        1.54959       0.347387
        1.54859       0.348045
        1.54759       0.348703
        1.54659        0.34936
        1.54559       0.350017
        1.54459       0.350674
        1.54359        0.35133
        1.54259       0.351986
        1.54159       0.352641
        1.54059       0.353296
        1.53959        0.35395
        1.53859       0.354604
        1.53759       0.355257
        1.53659        0.35591
        1.53559       0.356562
        1.53459       0.357214
        1.53359       0.357865
        1.53259       0.358516
        1.53159       0.359166
        1.53059       0.359816
        1.52959       0.360465
        1.52859       0.361114
        1.52759       0.361762
        1.52659        0.36241
        1.52559       0.363057
        1.52459       0.363703
        1.52359       0.364349
        1.52259       0.364995
        1.52159        0.36564
        1.52059       0.366284
        1.51959       0.366928
        1.51859       0.367571
        1.51759       0.368214
        1.51659       0.368856
        1.51559       0.369497
        1.51459       0.370138
        1.51359       0.370779
        1.51259       0.371418
        1.51159       0.372057
        1.51059       0.372696
        1.50959       0.373334
        1.50859       0.373971
        1.50759       0.374608
        1.50659       0.375244
        1.50559       0.375879
        1.50459       0.376514
        1.50359       0.377148
        1.50259       0.377781
        1.50159       0.378414
        1.50059       0.379046
        1.49959       0.379678
        1.49859       0.380309
        1.49759       0.380939
        1.49659       0.381568
        1.49559       0.382197
        1.49459       0.382825
        1.49359       0.383453
        1.49259        0.38408
        1.49159       0.384706
        1.49059       0.385331
        1.48959       0.385956
        1.48859        0.38658
        1.48759       0.387203
        1.48659       0.387826
        1.48559       0.388447
        1.48459       0.389068
        1.48359       0.389689
        1.48259       0.390309
        1.48159       0.390927
        1.48059       0.391546
        1.47959       0.392163
        1.47859        0.39278
        1.47759       0.393396
        1.47659       0.394011
        1.47559       0.394625
        1.47459       0.395239
        1.47359       0.395852
        1.47259       0.396464
        1.47159       0.397075
        1.47059       0.397685
        1.46959       0.398295
        1.46859       0.398904
        1.46759       0.399512
        1.46659       0.400119
        1.46559       0.400726
        1.46459       0.401332
        1.46359       0.401937
        1.46259       0.402541
        1.46159       0.403144
        1.46059       0.403746
        1.45959       0.404348
        1.45859       0.404948
        1.45759       0.405548
        1.45659       0.406147
        1.45559       0.406746
        1.45459       0.407343
        1.45359       0.407939
        1.45259       0.408535
        1.45159        0.40913
        1.45059       0.409724
        1.44959       0.410317
        1.44859       0.410909
        1.44759         0.4115
        1.44659        0.41209
        1.44559        0.41268
        1.44459       0.413268
        1.44359       0.413856
        1.44259       0.414442
        1.44159       0.415028
        1.44059       0.415613
        1.43959       0.416197
        1.43859        0.41678
        1.43759       0.417362
        1.43659       0.417943
        1.43559       0.418524
        1.43459       0.419103
        1.43359       0.419681
        1.43259       0.420259
        1.43159       0.420835
        1.43059       0.421411
        1.42959       0.421985
        1.42859       0.422559
        1.42759       0.423132
        1.42659       0.423703
        1.42559       0.424274
        1.42459       0.424844
        1.42359       0.425412
        1.42259        0.42598
        1.42159       0.426547
        1.42059       0.427112
        1.41959       0.427677
        1.41859       0.428241
        1.41759       0.428803
        1.41659       0.429365
        1.41559       0.429926
        1.41459       0.430485
        1.41359       0.431044
        1.41259       0.431602
        1.41159       0.432158
        1.41059       0.432714
        1.40959       0.433268
        1.40859       0.433821
        1.40759       0.434374
        1.40659       0.434925
        1.40559       0.435475
        1.40459       0.436025
        1.40359       0.436573
        1.40259        0.43712
        1.40159       0.437666
        1.40059       0.438211
        1.39959       0.438754
        1.39859       0.439297
        1.39759       0.439839
        1.39659       0.440379
        1.39559       0.440919
        1.39459       0.441457
        1.39359       0.441994
        1.39259       0.442531
        1.39159       0.443066
        1.39059       0.443599
        1.38959       0.444132
        1.38859       0.444664
        1.38759       0.445194
        1.38659       0.445724
        1.38559       0.446252
        1.38459       0.446779
        1.38359       0.447305
        1.38259        0.44783
        1.38159       0.448354
        1.38059       0.448876
        1.37959       0.449398
        1.37859       0.449918
        1.37759       0.450437
        1.37659       0.450955
        1.37559       0.451471
        1.37459       0.451987
        1.37359       0.452501
        1.37259       0.453014
        1.37159       0.453526
        1.37059       0.454037
        1.36959       0.454547
        1.36859       0.455055
        1.36759       0.455562
        1.36659       0.456068
        1.36559       0.456573
        1.36459       0.457077
        1.36359       0.457579
        1.36259        0.45808
        1.36159        0.45858
        1.36059       0.459079
        1.35959       0.459576
        1.35859       0.460072
        1.35759       0.460567
        1.35659       0.461061
        1.35559       0.461553
        1.35459       0.462045
        1.35359       0.462535
        1.35259       0.463023
        1.35159       0.463511
        1.35059       0.463997
        1.34959       0.464482
        1.34859       0.464966
        1.34759       0.465448
        1.34659       0.465929
        1.34559       0.466409
        1.34459       0.466888
        1.34359       0.467365
        1.34259       0.467841
        1.34159       0.468315
        1.34059       0.468789
        1.33959       0.469261
        1.33859       0.469732
        1.33759       0.470201
        1.33659       0.470669
        1.33559       0.471136
        1.33459       0.471602
        1.33359       0.472066
        1.33259       0.472529
        1.33159        0.47299
        1.33059       0.473451
        1.32959        0.47391
        1.32859       0.474367
        1.32759       0.474823
        1.32659       0.475278
        1.32559       0.475732
        1.32459       0.476184
        1.32359       0.476635
        1.32259       0.477084
        1.32159       0.477533
        1.32059       0.477979
        1.31959       0.478425
        1.31859       0.478869
        1.31759       0.479312
        1.31659       0.479753
        1.31559       0.480193
        1.31459       0.480631
        1.31359       0.481068
        1.31259       0.481504
        1.31159       0.481939
        1.31059       0.482372
        1.30959       0.482803
        1.30859       0.483233
        1.30759       0.483662
        1.30659        0.48409
        1.30559       0.484516
        1.30459        0.48494
        1.30359       0.485363
        1.30259       0.485785
        1.30159       0.486205
        1.30059       0.486624
        1.29959       0.487042
        1.29859       0.487458
        1.29759       0.487873
        1.29659       0.488286
        1.29559       0.488698
        1.29459       0.489108
        1.29359       0.489517
        1.29259       0.489924
        1.29159        0.49033
        1.29059       0.490735
        1.28959       0.491138
        1.28859        0.49154
        1.28759        0.49194
        1.28659       0.492338
        1.28559       0.492736
        1.28459       0.493132
        1.28359       0.493526
        1.28259       0.493919
        1.28159        0.49431
        1.28059         0.4947
        1.27959       0.495088
        1.27859       0.495475
        1.27759       0.495861
        1.27659       0.496245
        1.27559       0.496627
        1.27459       0.497008
        1.27359       0.497388
        1.27259       0.497766
        1.27159       0.498142
        1.27059       0.498517
        1.26959       0.498891
        1.26859       0.499263
        1.26759       0.499633
        1.26659       0.500002
        1.26559        0.50037
        1.26459       0.500736
        1.26359         0.5011
        1.26259       0.501463
        1.26159       0.501824
        1.26059       0.502184
        1.25959       0.502542
        1.25859       0.502899
        1.25759       0.503254
        1.25659       0.503608
        1.25559        0.50396
        1.25459       0.504311
        1.25359        0.50466
        1.25259       0.505008
        1.25159       0.505354
        1.25059       0.505698
        1.24959       0.506041
        1.24859       0.506382
        1.24759       0.506722
        1.24659        0.50706
        1.24559       0.507397
        1.24459       0.507732
        1.24359       0.508065
        1.24259       0.508397
        1.24159       0.508728
        1.24059       0.509057
        1.23959       0.509384
        1.23859        0.50971
        1.23759       0.510034
        1.23659       0.510356
        1.23559       0.510677
        1.23459       0.510996
        1.23359       0.511314
        1.23259        0.51163
        1.23159       0.511945
        1.23059       0.512258
        1.22959       0.512569
        1.22859       0.512879
        1.22759       0.513187
        1.22659       0.513494
        1.22559       0.513799
        1.22459       0.514102
        1.22359       0.514404
        1.22259       0.514704
        1.22159       0.515002
        1.22059       0.515299
        1.21959       0.515595
        1.21859       0.515888
        1.21759        0.51618
        1.21659       0.516471
        1.21559        0.51676
        1.21459       0.517047
        1.21359       0.517333
        1.21259       0.517617
        1.21159       0.517899
        1.21059        0.51818
        1.20959       0.518459
        1.20859       0.518736
        1.20759       0.519012
        1.20659       0.519286
        1.20559       0.519559
        1.20459       0.519829
        1.20359       0.520099
        1.20259       0.520366
        1.20159       0.520632
        1.20059       0.520896
        1.19959       0.521159
        1.19859        0.52142
        1.19759       0.521679
        1.19659       0.521937
        1.19559       0.522193
        1.19459       0.522448
        1.19359         0.5227
        1.19259       0.522951
        1.19159       0.523201
        1.19059       0.523448
        1.18959       0.523695
        1.18859       0.523939
        1.18759       0.524182
        1.18659       0.524423
        1.18559       0.524662
        1.18459         0.5249
        1.18359       0.525136
        1.18259        0.52537
        1.18159       0.525603
        1.18059       0.525834
        1.17959       0.526063
        1.17859       0.526291
        1.17759       0.526517
        1.17659       0.526741
        1.17559       0.526964
        1.17459       0.527185
        1.17359       0.527404
        1.17259       0.527622
        1.17159       0.527838
        1.17059       0.528052
        1.16959       0.528264
        1.16859       0.528475
        1.16759       0.528684
        1.16659       0.528892
        1.16559       0.529097
        1.16459       0.529301
        1.16359       0.529504
        1.16259       0.529704
        1.16159       0.529903
        1.16059         0.5301
        1.15959       0.530296
        1.15859        0.53049
        1.15759       0.530682
        1.15659       0.530872
        1.15559       0.531061
        1.15459       0.531248
        1.15359       0.531433
        1.15259       0.531617
        1.15159       0.531799
        1.15059       0.531979
        1.14959       0.532157
        1.14859       0.532334
        1.14759       0.532509
        1.14659       0.532682
        1.14559       0.532854
        1.14459       0.533024
        1.14359       0.533192
        1.14259       0.533358
        1.14159       0.533523
        1.14059       0.533686
        1.13959       0.533847
        1.13859       0.534007
        1.13759       0.534165
        1.13659       0.534321
        1.13559       0.534475
        1.13459       0.534628
        1.13359       0.534779
        1.13259       0.534928
        1.13159       0.535075
        1.13059       0.535221
        1.12959       0.535365
        1.12859       0.535508
        1.12759       0.535648
        1.12659       0.535787
        1.12559       0.535924
        1.12459        0.53606
        1.12359       0.536193
        1.12259       0.536325
        1.12159       0.536455
        1.12059       0.536584
        1.11959       0.536711
        1.11859       0.536835
        1.11759       0.536959
        1.11659        0.53708
        1.11559         0.5372
        1.11459       0.537318
        1.11359       0.537434
        1.11259       0.537549
        1.11159       0.537662
        1.11059       0.537773
        1.10959       0.537882
        1.10859        0.53799
        1.10759       0.538096
        1.10659         0.5382
        1.10559       0.538303
        1.10459       0.538403
        1.10359       0.538502
        1.10259       0.538599
        1.10159       0.538695
        1.10059       0.538789
        1.09959       0.538881
        1.09859       0.538971
        1.09759       0.539059
        1.09659       0.539146
        1.09559       0.539231
        1.09459       0.539314
        1.09359       0.539396
        1.09259       0.539476
        1.09159       0.539554
        1.09059        0.53963
        1.08959       0.539705
        1.08859       0.539778
        1.08759       0.539849
        1.08659       0.539918
        1.08559       0.539986
        1.08459       0.540052
        1.08359       0.540116
        1.08259       0.540178
        1.08159       0.540239
        1.08059       0.540298
        1.07959       0.540355
        1.07859        0.54041
        1.07759       0.540464
        1.07659       0.540516
        1.07559       0.540566
        1.07459       0.540615
        1.07359       0.540661
        1.07259       0.540706
        1.07159       0.540749
        1.07059       0.540791
        1.06959       0.540831
        1.06859       0.540869
        1.06759       0.540905
        1.06659        0.54094
        1.06559       0.540972
        1.06459       0.541003
        1.06359       0.541033
        1.06259        0.54106
        1.06159       0.541086
        1.06059        0.54111
        1.05959       0.541133
        1.05859       0.541153
        1.05759       0.541172
        1.05659       0.541189
        1.05559       0.541205
        1.05459       0.541218
        1.05359        0.54123
        1.05259       0.541241
        1.05159       0.541249
        1.05059       0.541256
        1.04959       0.541261
        1.04859       0.541264
        1.04759       0.541266
        1.04659       0.541266
        1.04559       0.541264
        1.04459        0.54126
        1.04359       0.541255
        1.04259       0.541248
        1.04159       0.541239
        1.04059       0.541228
        1.03959       0.541216
        1.03859       0.541202
        1.03759       0.541186
        1.03659       0.541169
        1.03559       0.541149
        1.03459       0.541128
        1.03359       0.541106
        1.03259       0.541081
        1.03159       0.541055
        1.03059       0.541028
        1.02959       0.540998
        1.02859       0.540967
        1.02759       0.540934
        1.02659       0.540899
        1.02559       0.540863
        1.02459       0.540824
        1.02359       0.540785
        1.02259       0.540743
        1.02159         0.5407
        1.02059       0.540655
        1.01959       0.540608
        1.01859        0.54056
        1.01759       0.540509
        1.01659       0.540458
        1.01559       0.540404
        1.01459       0.540349
        1.01359       0.540292
        1.01259       0.540233
        1.01159       0.540173
        1.01059       0.540111
        1.00959       0.540047
        1.00859       0.539981
        1.00759       0.539914
        1.00659       0.539845
        1.00559       0.539774
        1.00459       0.539702
        1.00359       0.539628
        1.00259       0.539552
        1.00159       0.539475
        1.00059       0.539396
       0.999593       0.539315
       0.998593       0.539232
       0.997593       0.539148
       0.996593       0.539062
       0.995593       0.538975
       0.994593       0.538886
       0.993593       0.538795
       0.992593       0.538702
       0.991593       0.538608
       0.990593       0.538512
       0.989593       0.538414
       0.988593       0.538315
       0.987593       0.538213
       0.986593       0.538111
       0.985593       0.538006
       0.984593         0.5379
       0.983593       0.537792
       0.982593       0.537683
       0.981593       0.537572
       0.980593       0.537459
       0.979593       0.537345
       0.978593       0.537228
       0.977593       0.537111
       0.976593       0.536991
       0.975593        0.53687
       0.974593       0.536747
       0.973593       0.536623
       0.972593       0.536497
       0.971593       0.536369
       0.970593       0.536239
       0.969593       0.536108
       0.968593       0.535976
       0.967593       0.535841
       0.966593       0.535705
       0.965593       0.535567
       0.964593       0.535428
       0.963593       0.535287
       0.962593       0.535144
       0.961593          0.535
       0.960593       0.534854
       0.959593       0.534707
       0.958593       0.534557
       0.957593       0.534406
       0.956593       0.534254
       0.955593         0.5341
       0.954593       0.533944
       0.953593       0.533787
       0.952593       0.533628
       0.951593       0.533467
       0.950593       0.533305
       0.949593       0.533141
       0.948593       0.532975
       0.947593       0.532808
       0.946593       0.532639
       0.945593       0.532469
       0.944593       0.532297
       0.943593       0.532123
       0.942593       0.531948
       0.941593       0.531771
       0.940593       0.531592
       0.939593       0.531412
       0.938593       0.531231
       0.937593       0.531047
       0.936593       0.530862
       0.935593       0.530676
       0.934593       0.530488
       0.933593       0.530298
       0.932593       0.530107
       0.931593       0.529914
       0.930593       0.529719
       0.929593       0.529523
       0.928593       0.529326
       0.927593       0.529126
       0.926593       0.528925
       0.925593       0.528723
       0.924593       0.528519
       0.923593       0.528313
       0.922593       0.528106
       0.921593       0.527897
       0.920593       0.527687
       0.919593       0.527475
       0.918593       0.527262
       0.917593       0.527047
       0.916593        0.52683
       0.915593       0.526612
       0.914593       0.526392
       0.913593       0.526171
       0.912593       0.525948
       0.911593       0.525724
       0.910593       0.525498
       0.909593        0.52527
       0.908593       0.525041
       0.907593        0.52481
       0.906593       0.524578
       0.905593       0.524345
       0.904593       0.524109
       0.903593       0.523873
       0.902593       0.523634
       0.901593       0.523394
       0.900593       0.523153
       0.899593        0.52291
       0.898593       0.522666
       0.897593        0.52242
       0.896593       0.522172
       0.895593       0.521923
       0.894593       0.521673
       0.893593       0.521421
       0.892593       0.521167
       0.891593       0.520912
       0.890593       0.520655
       0.889593       0.520397
       0.888593       0.520138
       0.887593       0.519876
       0.886593       0.519614
       0.885593        0.51935
       0.884593       0.519084
       0.883593       0.518817
       0.882593       0.518548
       0.881593       0.518278
       0.880593       0.518007
       0.879593       0.517733
       0.878593       0.517459
       0.877593       0.517183
       0.876593       0.516905
       0.875593       0.516626
       0.874593       0.516346
       0.873593       0.516064
       0.872593        0.51578
       0.871593       0.515496
       0.870593       0.515209
       0.869593       0.514921
       0.868593       0.514632
       0.867593       0.514341
       0.866593       0.514049
       0.865593       0.513756
       0.864593        0.51346
       0.863593       0.513164
       0.862593       0.512866
       0.861593       0.512566
       0.860593       0.512266
       0.859593       0.511963
       0.858593       0.511659
       0.857593       0.511354
       0.856593       0.511048
       0.855593        0.51074
       0.854593        0.51043
       0.853593       0.510119
       0.852593       0.509807
       0.851593       0.509493
       0.850593       0.509178
       0.849593       0.508861
       0.848593       0.508543
       0.847593       0.508224
       0.846593       0.507903
       0.845593       0.507581
       0.844593       0.507257
       0.843593       0.506932
       0.842593       0.506606
       0.841593       0.506278
       0.840593       0.505949
       0.839593       0.505618
       0.838593       0.505287
       0.837593       0.504953
       0.836593       0.504618
       0.835593       0.504282
       0.834593       0.503945
       0.833593       0.503606
       0.832593       0.503266
       0.831593       0.502924
       0.830593       0.502581
       0.829593       0.502237
       0.828593       0.501891
       0.827593       0.501544
       0.826593       0.501196
       0.825593       0.500846
       0.824593       0.500495
       0.823593       0.500143
       0.822593       0.499789
       0.821593       0.499434
       0.820593       0.499077
       0.819593        0.49872
       0.818593        0.49836
       0.817593          0.498
       0.816593       0.497638
       0.815593       0.497275
       0.814593       0.496911
       0.813593       0.496545
       0.812593       0.496178
       0.811593        0.49581
       0.810593        0.49544
       0.809593       0.495069
       0.808593       0.494697
       0.807593       0.494323
       0.806593       0.493948
       0.805593       0.493572
       0.804593       0.493194
       0.803593       0.492816
       0.802593       0.492436
       0.801593       0.492054
       0.800593       0.491672
       0.799593       0.491288
       0.798593       0.490903
       0.797593       0.490516
       0.796593       0.490128
       0.795593       0.489739
       0.794593       0.489349
       0.793593       0.488958
       0.792593       0.488565
       0.791593       0.488171
       0.790593       0.487776
       0.789593       0.487379
       0.788593       0.486981
       0.787593       0.486582
       0.786593       0.486182
       0.785593        0.48578
       0.784593       0.485378
       0.783593       0.484974
       0.782593       0.484569
       0.781593       0.484162
       0.780593       0.483754
       0.779593       0.483346
       0.778593       0.482935
       0.777593       0.482524
       0.776593       0.482112
       0.775593       0.481698
       0.774593       0.481283
       0.773593       0.480867
       0.772593       0.480449
       0.771593       0.480031
       0.770593       0.479611
       0.769593        0.47919
       0.768593       0.478768
       0.767593       0.478345
       0.766593        0.47792
       0.765593       0.477495
       0.764593       0.477068
       0.763593        0.47664
       0.762593        0.47621
       0.761593        0.47578
       0.760593       0.475349
       0.759593       0.474916
       0.758593       0.474482
       0.757593       0.474047
       0.756593       0.473611
       0.755593       0.473174
       0.754593       0.472735
       0.753593       0.472295
       0.752593       0.471855
       0.751593       0.471413
       0.750593        0.47097
       0.749593       0.470526
       0.748593        0.47008
       0.747593       0.469634
       0.746593       0.469186
       0.745593       0.468738
       0.744593       0.468288
       0.743593       0.467837
       0.742593       0.467385
       0.741593       0.466932
       0.740593       0.466478
       0.739593       0.466022
       0.738593       0.465566
       0.737593       0.465108
       0.736593        0.46465
       0.735593        0.46419
       0.734593       0.463729
       0.733593       0.463268
       0.732593       0.462805
       0.731593       0.462341
       0.730593       0.461875
       0.729593       0.461409
       0.728593       0.460942
       0.727593       0.460474
       0.726593       0.460004
       0.725593       0.459534
       0.724593       0.459062
       0.723593        0.45859
       0.722593       0.458116
       0.721593       0.457642
       0.720593       0.457166
       0.719593       0.456689
       0.718593       0.456212
       0.717593       0.455733
       0.716593       0.455253
       0.715593       0.454772
       0.714593        0.45429
       0.713593       0.453807
       0.712593       0.453323
       0.711593       0.452839
       0.710593       0.452353
       0.709593       0.451866
       0.708593       0.451378
       0.707593       0.450889
       0.706593       0.450399
       0.705593       0.449908
       0.704593       0.449416
       0.703593       0.448923
       0.702593       0.448429
       0.701593       0.447934
       0.700593       0.447438
       0.699593       0.446941
       0.698593       0.446443
       0.697593       0.445945
       0.696593       0.445445
       0.695593       0.444944
       0.694593       0.444442
       0.693593        0.44394
       0.692593       0.443436
       0.691593       0.442931
       0.690593       0.442426
       0.689593       0.441919
       0.688593       0.441412
       0.687593       0.440904
       0.686593       0.440394
       0.685593       0.439884
       0.684593       0.439373
       0.683593       0.438861
       0.682593       0.438348
       0.681593       0.437834
       0.680593       0.437319
       0.679593       0.436803
       0.678593       0.436286
       0.677593       0.435769
       0.676593        0.43525
       0.675593       0.434731
       0.674593        0.43421
       0.673593       0.433689
       0.672593       0.433167
       0.671593       0.432644
       0.670593        0.43212
       0.669593       0.431595
       0.668593        0.43107
       0.667593       0.430543
       0.666593       0.430016
       0.665593       0.429487
       0.664593       0.428958
       0.663593       0.428428
       0.662593       0.427897
       0.661593       0.427365
       0.660593       0.426833
       0.659593       0.426299
       0.658593       0.425765
       0.657593        0.42523
       0.656593       0.424694
       0.655593       0.424157
       0.654593       0.423619
       0.653593       0.423081
       0.652593       0.422541
       0.651593       0.422001
       0.650593        0.42146
       0.649593       0.420918
       0.648593       0.420376
       0.647593       0.419832
       0.646593       0.419288
       0.645593       0.418743
       0.644593       0.418197
       0.643593        0.41765
       0.642593       0.417103
       0.641593       0.416554
       0.640593       0.416005
       0.639593       0.415455
       0.638593       0.414904
       0.637593       0.414353
       0.636593       0.413801
       0.635593       0.413248
       0.634593       0.412694
       0.633593       0.412139
       0.632593       0.411584
       0.631593       0.411028
       0.630593       0.410471
       0.629593       0.409913
       0.628593       0.409355
       0.627593       0.408796
       0.626593       0.408236
       0.625593       0.407675
       0.624593       0.407113
       0.623593       0.406551
       0.622593       0.405988
       0.621593       0.405425
       0.620593        0.40486
       0.619593       0.404295
       0.618593       0.403729
       0.617593       0.403163
       0.616593       0.402595
       0.615593       0.402027
       0.614593       0.401459
       0.613593       0.400889
       0.612593       0.400319
       0.611593       0.399748
       0.610593       0.399177
       0.609593       0.398604
       0.608593       0.398031
       0.607593       0.397458
       0.606593       0.396883
       0.605593       0.396308
       0.604593       0.395733
       0.603593       0.395156
       0.602593       0.394579
       0.601593       0.394001
       0.600593       0.393423
       0.599593       0.392844
       0.598593       0.392264
       0.597593       0.391683
       0.596593       0.391102
       0.595593        0.39052
       0.594593       0.389938
       0.593593       0.389355
       0.592593       0.388771
       0.591593       0.388187
       0.590593       0.387602
       0.589593       0.387016
       0.588593        0.38643
       0.587593       0.385843
       0.586593       0.385255
       0.585593       0.384667
       0.584593       0.384078
       0.583593       0.383489
       0.582593       0.382899
       0.581593       0.382308
       0.580593       0.381717
       0.579593       0.381125
       0.578593       0.380532
       0.577593       0.379939
       0.576593       0.379345
       0.575593       0.378751
       0.574593       0.378156
       0.573593        0.37756
       0.572593       0.376964
       0.571593       0.376367
       0.570593        0.37577
       0.569593       0.375172
       0.568593       0.374574
       0.567593       0.373974
       0.566593       0.373375
       0.565593       0.372775
       0.564593       0.372174
       0.563593       0.371572
       0.562593       0.370971
       0.561593       0.370368
       0.560593       0.369765
       0.559593       0.369161
       0.558593       0.368557
       0.557593       0.367953
       0.556593       0.367347
       0.555593       0.366741
       0.554593       0.366135
       0.553593       0.365528
       0.552593       0.364921
       0.551593       0.364313
       0.550593       0.363704
       0.549593       0.363095
       0.548593       0.362486
       0.547593       0.361876
       0.546593       0.361265
       0.545593       0.360654
       0.544593       0.360043
       0.543593        0.35943
       0.542593       0.358818
       0.541593       0.358205
       0.540593       0.357591
       0.539593       0.356977
       0.538593       0.356362
       0.537593       0.355747
       0.536593       0.355132
       0.535593       0.354515
       0.534593       0.353899
       0.533593       0.353282
       0.532593       0.352664
       0.531593       0.352046
       0.530593       0.351428
       0.529593       0.350809
       0.528593       0.350189
       0.527593       0.349569
       0.526593       0.348949
       0.525593       0.348328
       0.524593       0.347707
       0.523593       0.347085
       0.522593       0.346463
       0.521593        0.34584
       0.520593       0.345217
       0.519593       0.344593
       0.518593       0.343969
       0.517593       0.343345
       0.516593        0.34272
       0.515593       0.342094
       0.514593       0.341469
       0.513593       0.340842
       0.512593       0.340216
       0.511593       0.339589
       0.510593       0.338961
       0.509593       0.338333
       0.508593       0.337705
       0.507593       0.337076
       0.506593       0.336447
       0.505593       0.335817
       0.504593       0.335187
       0.503593       0.334557
       0.502593       0.333926
       0.501593       0.333295
       0.500593       0.332663
       0.499593       0.332031
       0.498593       0.331399
       0.497593       0.330766
       0.496593       0.330133
       0.495593       0.329499
       0.494593       0.328866
       0.493593       0.328231
       0.492593       0.327596
       0.491593       0.326961
       0.490593       0.326326
       0.489593        0.32569
       0.488593       0.325054
       0.487593       0.324417
       0.486593        0.32378
       0.485593       0.323143
       0.484593       0.322505
       0.483593       0.321867
       0.482593       0.321229
       0.481593        0.32059
       0.480593       0.319951
       0.479593       0.319312
       0.478593       0.318672
       0.477593       0.318032
       0.476593       0.317392
       0.475593       0.316751
       0.474593        0.31611
       0.473593       0.315468
       0.472593       0.314826
       0.471593       0.314184
       0.470593       0.313542
       0.469593       0.312899
       0.468593       0.312256
       0.467593       0.311613
       0.466593       0.310969
       0.465593       0.310325
       0.464593        0.30968
       0.463593       0.309036
       0.462593       0.308391
       0.461593       0.307745
       0.460593         0.3071
       0.459593       0.306454
       0.458593       0.305808
       0.457593       0.305161
       0.456593       0.304515
       0.455593       0.303867
       0.454593        0.30322
       0.453593       0.302572
       0.452593       0.301924
       0.451593       0.301276
       0.450593       0.300628
       0.449593       0.299979
       0.448593        0.29933
       0.447593       0.298681
       0.446593       0.298031
       0.445593       0.297381
       0.444593       0.296731
       0.443593        0.29608
       0.442593        0.29543
       0.441593       0.294779
       0.440593       0.294128
       0.439593       0.293476
       0.438593       0.292824
       0.437593       0.292172
       0.436593        0.29152
       0.435593       0.290868
       0.434593       0.290215
       0.433593       0.289562
       0.432593       0.288909
       0.431593       0.288255
       0.430593       0.287601
       0.429593       0.286947
       0.428593       0.286293
       0.427593       0.285639
       0.426593       0.284984
       0.425593       0.284329
       0.424593       0.283674
       0.423593       0.283019
       0.422593       0.282363
       0.421593       0.281707
       0.420593       0.281051
       0.419593       0.280395
       0.418593       0.279739
       0.417593       0.279082
       0.416593       0.278425
       0.415593       0.277768
       0.414593       0.277111
       0.413593       0.276453
       0.412593       0.275795
       0.411593       0.275138
       0.410593       0.274479
       0.409593       0.273821
       0.408593       0.273163
       0.407593       0.272504
       0.406593       0.271845
       0.405593       0.271186
       0.404593       0.270527
       0.403593       0.269867
       0.402593       0.269207
       0.401593       0.268548
       0.400593       0.267887
       0.399593       0.267227
       0.398593       0.266567
       0.397593       0.265906
       0.396593       0.265246
       0.395593       0.264585
       0.394593       0.263923
       0.393593       0.263262
       0.392593       0.262601
       0.391593       0.261939
       0.390593       0.261277
       0.389593       0.260615
       0.388593       0.259953
       0.387593       0.259291
       0.386593       0.258629
       0.385593       0.257966
       0.384593       0.257303
       0.383593        0.25664
       0.382593       0.255977
       0.381593       0.255314
       0.380593       0.254651
       0.379593       0.253987
       0.378593       0.253324
       0.377593        0.25266
       0.376593       0.251996
       0.375593       0.251332
       0.374593       0.250668
       0.373593       0.250003
       0.372593       0.249339
       0.371593       0.248674
       0.370593       0.248009
       0.369593       0.247345
       0.368593        0.24668
       0.367593       0.246014
       0.366593       0.245349
       0.365593       0.244684
       0.364593       0.244018
       0.363593       0.243353
       0.362593       0.242687
       0.361593       0.242021
       0.360593       0.241355
       0.359593       0.240689
       0.358593       0.240023
       0.357593       0.239356
       0.356593        0.23869
       0.355593       0.238023
       0.354593       0.237356
       0.353593        0.23669
       0.352593       0.236023
       0.351593       0.235356
       0.350593       0.234689
       0.349593       0.234021
       0.348593       0.233354
       0.347593       0.232687
       0.346593       0.232019
       0.345593       0.231352
       0.344593       0.230684
       0.343593       0.230016
       0.342593       0.229348
       0.341593        0.22868
       0.340593       0.228012
       0.339593       0.227344
       0.338593       0.226676
       0.337593       0.226008
       0.336593       0.225339
       0.335593       0.224671
       0.334593       0.224002
       0.333593       0.223333
       0.332593       0.222665
       0.331593       0.221996
       0.330593       0.221327
       0.329593       0.220658
       0.328593       0.219989
       0.327593        0.21932
       0.326593       0.218651
       0.325593       0.217981
       0.324593       0.217312
       0.323593       0.216643
       0.322593       0.215973
       0.321593       0.215304
       0.320593       0.214634
       0.319593       0.213964
       0.318593       0.213295
       0.317593       0.212625
       0.316593       0.211955
       0.315593       0.211285
       0.314593       0.210615
       0.313593       0.209945
       0.312593       0.209275
       0.311593       0.208605
       0.310593       0.207935
       0.309593       0.207264
       0.308593       0.206594
       0.307593       0.205924
       0.306593       0.205253
       0.305593       0.204583
       0.304593       0.203912
       0.303593       0.203242
       0.302593       0.202571
       0.301593       0.201901
       0.300593        0.20123
       0.299593       0.200559
       0.298593       0.199888
       0.297593       0.199218
       0.296593       0.198547
       0.295593       0.197876
       0.294593       0.197205
       0.293593       0.196534
       0.292593       0.195863
       0.291593       0.195192
       0.290593       0.194521
       0.289593        0.19385
       0.288593       0.193179
       0.287593       0.192508
       0.286593       0.191836
       0.285593       0.191165
       0.284593       0.190494
       0.283593       0.189823
       0.282593       0.189151
       0.281593        0.18848
       0.280593       0.187809
       0.279593       0.187137
       0.278593       0.186466
       0.277593       0.185795
       0.276593       0.185123
       0.275593       0.184452
       0.274593        0.18378
       0.273593       0.183109
       0.272593       0.182437
       0.271593       0.181766
       0.270593       0.181094
       0.269593       0.180423
       0.268593       0.179751
       0.267593        0.17908
       0.266593       0.178408
       0.265593       0.177736
       0.264593       0.177065
       0.263593       0.176393
       0.262593       0.175721
       0.261593        0.17505
       0.260593       0.174378
       0.259593       0.173706
       0.258593       0.173035
       0.257593       0.172363
       0.256593       0.171691
       0.255593        0.17102
       0.254593       0.170348
       0.253593       0.169676
       0.252593       0.169005
       0.251593       0.168333
       0.250593       0.167661
       0.249593       0.166989
       0.248593       0.166318
       0.247593       0.165646
       0.246593       0.164974
       0.245593       0.164303
       0.244593       0.163631
       0.243593       0.162959
       0.242593       0.162287
       0.241593       0.161616
       0.240593       0.160944
       0.239593       0.160272
       0.238593       0.159601
       0.237593       0.158929
       0.236593       0.158257
       0.235593       0.157586
       0.234593       0.156914
       0.233593       0.156242
       0.232593       0.155571
       0.231593       0.154899
       0.230593       0.154227
       0.229593       0.153556
       0.228593       0.152884
       0.227593       0.152213
       0.226593       0.151541
       0.225593        0.15087
       0.224593       0.150198
       0.223593       0.149526
       0.222593       0.148855
       0.221593       0.148183
       0.220593       0.147512
       0.219593        0.14684
       0.218593       0.146169
       0.217593       0.145498
       0.216593       0.144826
       0.215593       0.144155
       0.214593       0.143483
       0.213593       0.142812
       0.212593        0.14214
       0.211593       0.141469
       0.210593       0.140798
       0.209593       0.140126
       0.208593       0.139455
       0.207593       0.138784
       0.206593       0.138113
       0.205593       0.137441
       0.204593        0.13677
       0.203593       0.136099
       0.202593       0.135428
       0.201593       0.134757
       0.200593       0.134086
       0.199593       0.133414
       0.198593       0.132743
       0.197593       0.132072
       0.196593       0.131401
       0.195593        0.13073
       0.194593       0.130059
       0.193593       0.129388
       0.192593       0.128717
       0.191593       0.128047
       0.190593       0.127376
       0.189593       0.126705
       0.188593       0.126034
       0.187593       0.125363
       0.186593       0.124692
       0.185593       0.124022
       0.184593       0.123351
       0.183593        0.12268
       0.182593       0.122009
       0.181593       0.121339
       0.180593       0.120668
       0.179593       0.119998
       0.178593       0.119327
       0.177593       0.118656
       0.176593       0.117986
       0.175593       0.117315
       0.174593       0.116645
       0.173593       0.115975
       0.172593       0.115304
       0.171593       0.114634
       0.170593       0.113963
       0.169593       0.113293
       0.168593       0.112623
       0.167593       0.111953
       0.166593       0.111282
       0.165593       0.110612
       0.164593       0.109942
       0.163593       0.109272
       0.162593       0.108602
       0.161593       0.107932
       0.160593       0.107262
       0.159593       0.106592
       0.158593       0.105922
       0.157593       0.105252
       0.156593       0.104582
       0.155593       0.103912
       0.154593       0.103242
       0.153593       0.102572
       0.152593       0.101902
       0.151593       0.101233
       0.150593       0.100563
       0.149593      0.0998932
       0.148593      0.0992235
       0.147593      0.0985539
       0.146593      0.0978843
       0.145593      0.0972147
       0.144593      0.0965451
       0.143593      0.0958756
       0.142593      0.0952061
       0.141593      0.0945367
       0.140593      0.0938672
       0.139593      0.0931979
       0.138593      0.0925285
       0.137593      0.0918592
       0.136593      0.0911899
       0.135593      0.0905206
       0.134593      0.0898514
       0.133593      0.0891821
       0.132593       0.088513
       0.131593      0.0878438
       0.130593      0.0871747
       0.129593      0.0865056
       0.128593      0.0858366
       0.127593      0.0851676
       0.126593      0.0844986
       0.125593      0.0838296
       0.124593      0.0831607
       0.123593      0.0824918
       0.122593      0.0818229
       0.121593      0.0811541
       0.120593      0.0804853
       0.119593      0.0798165
       0.118593      0.0791478
       0.117593       0.078479
       0.116593      0.0778104
       0.115593      0.0771417
       0.114593      0.0764731
       0.113593      0.0758045
       0.112593      0.0751359
       0.111593      0.0744674
       0.110593      0.0737989
       0.109593      0.0731304
       0.108593      0.0724619
       0.107593      0.0717935
       0.106593      0.0711251
       0.105593      0.0704568
       0.104593      0.0697884
       0.103593      0.0691201
       0.102593      0.0684519
       0.101593      0.0677836
       0.100593      0.0671154
      0.0995927      0.0664472
      0.0985927       0.065779
      0.0975927      0.0651109
      0.0965927      0.0644428
      0.0955927      0.0637747
      0.0945927      0.0631066
      0.0935927      0.0624386
      0.0925927      0.0617706
      0.0915927      0.0611026
      0.0905927      0.0604347
      0.0895927      0.0597667
      0.0885927      0.0590988
      0.0875927       0.058431
      0.0865927      0.0577631
      0.0855927      0.0570953
      0.0845927      0.0564275
      0.0835927      0.0557597
      0.0825927       0.055092
      0.0815927      0.0544242
      0.0805927      0.0537565
      0.0795927      0.0530889
      0.0785927      0.0524212
      0.0775927      0.0517536
      0.0765927       0.051086
      0.0755927      0.0504184
      0.0745927      0.0497508
      0.0735927      0.0490833
      0.0725927      0.0484158
      0.0715927      0.0477483
      0.0705927      0.0470808
      0.0695927      0.0464134
      0.0685927      0.0457459
      0.0675927      0.0450785
      0.0665927      0.0444111
      0.0655927      0.0437438
      0.0645927      0.0430764
      0.0635927      0.0424091
      0.0625927      0.0417418
      0.0615927      0.0410745
      0.0605927      0.0404072
      0.0595927        0.03974
      0.0585927      0.0390727
      0.0575927      0.0384055
      0.0565927      0.0377383
      0.0555927      0.0370712
      0.0545927       0.036404
      0.0535927      0.0357369
      0.0525927      0.0350697
      0.0515927      0.0344026
      0.0505927      0.0337355
      0.0495927      0.0330685
      0.0485927      0.0324014
      0.0475927      0.0317344
      0.0465927      0.0310673
      0.0455927      0.0304003
      0.0445927      0.0297333
      0.0435927      0.0290663
      0.0425927      0.0283994
      0.0415927      0.0277324
      0.0405927      0.0270655
      0.0395927      0.0263985
      0.0385927      0.0257316
      0.0375927      0.0250647
      0.0365927      0.0243978
      0.0355927      0.0237309
      0.0345927      0.0230641
      0.0335927      0.0223972
      0.0325927      0.0217303
      0.0315927      0.0210635
      0.0305927      0.0203967
      0.0295927      0.0197299
      0.0285927      0.0190631
      0.0275927      0.0183963
      0.0265927      0.0177295
      0.0255927      0.0170627
      0.0245927      0.0163959
      0.0235927      0.0157292
      0.0225927      0.0150624
      0.0215927      0.0143957
      0.0205927      0.0137289
      0.0195927      0.0130622
      0.0185927      0.0123955
      0.0175927      0.0117287
      0.0165927       0.011062
      0.0155927      0.0103953
      0.0145927     0.00972861
      0.0135927     0.00906191
      0.0125927     0.00839521
      0.0115927     0.00772852
      0.0105927     0.00706183
     0.00959265     0.00639515
     0.00859265     0.00572847
     0.00759265     0.00506179
     0.00659265     0.00439512
     0.00559265     0.00372844
     0.00459265     0.00306177
     0.00359265      0.0023951
     0.00259265     0.00172843
     0.00159265     0.00106177
