        3.14159           -nan
        3.13159    4.99963e-07
        3.12159     3.9988e-06
        3.11159    1.34909e-05
        3.10159    3.19616e-05
        3.09159    6.23829e-05
        3.08159    0.000107709
        3.07159    0.000170871
        3.06159    0.000254774
        3.05159    0.000362292
        3.04159    0.000496264
        3.03159    0.000659487
        3.02159    0.000854718
        3.01159     0.00108466
        3.00159     0.00135198
        2.99159     0.00165926
        2.98159     0.00200905
        2.97159     0.00240382
        2.96159     0.00284598
        2.95159     0.00333787
        2.94159     0.00388174
        2.93159      0.0044798
        2.92159     0.00513413
        2.91159     0.00584677
        2.90159     0.00661963
        2.89159     0.00745457
        2.88159     0.00835333
        2.87159     0.00931757
        2.86159      0.0103488
        2.85159      0.0114486
        2.84159      0.0126182
        2.83159      0.0138589
        2.82159      0.0151719
        2.81159      0.0165581
        2.80159      0.0180186
        2.79159      0.0195541
        2.78159      0.0211653
        2.77159      0.0228528
        2.76159      0.0246171
        2.75159      0.0264586
        2.74159      0.0283775
        2.73159       0.030374
        2.72159      0.0324481
        2.71159      0.0345996
        2.70159      0.0368285
        2.69159      0.0391343
        2.68159      0.0415166
        2.67159      0.0439749
        2.66159      0.0465085
        2.65159      0.0491167
        2.64159      0.0517985
        2.63159      0.0545531
        2.62159      0.0573792
        2.61159      0.0602756
        2.60159      0.0632412
        2.59159      0.0662744
        2.58159      0.0693739
        2.57159      0.0725379
        2.56159      0.0757647
        2.55159      0.0790527
        2.54159      0.0823999
        2.53159      0.0858044
        2.52159      0.0892641
        2.51159      0.0927769
        2.50159      0.0963407
        2.49159      0.0999531
        2.48159       0.103612
        2.47159       0.107314
        2.46159       0.111058
        2.45159       0.114841
        2.44159       0.118661
        2.43159       0.122514
        2.42159       0.126398
        2.41159        0.13031
        2.40159       0.134248
        2.39159       0.138208
        2.38159       0.142189
        2.37159       0.146187
        2.36159       0.150198
        2.35159       0.154222
        2.34159       0.158253
        2.33159        0.16229
        2.32159        0.16633
        2.31159       0.170369
        2.30159       0.174406
        2.29159       0.178436
        2.28159       0.182457
        2.27159       0.186466
        2.26159        0.19046
        2.25159       0.194437
        2.24159       0.198393
        2.23159       0.202327
        2.22159       0.206234
        2.21159       0.210113
        2.20159        0.21396
        2.19159       0.217774
        2.18159       0.221552
        2.17159        0.22529
        2.16159       0.228988
        2.15159       0.232641
        2.14159       0.236249
        2.13159       0.239809
        2.12159       0.243318
        2.11159       0.246774
        2.10159       0.250177
        2.09159       0.253523
        2.08159        0.25681
        2.07159       0.260038
        2.06159       0.263204
        2.05159       0.266307
        2.04159       0.269345
        2.03159       0.272316
        2.02159        0.27522
        2.01159       0.278056
        2.00159       0.280822
        1.99159       0.283516
        1.98159       0.286139
        1.97159        0.28869
        1.96159       0.291167
        1.95159        0.29357
        1.94159       0.295898
        1.93159       0.298151
        1.92159        0.30033
        1.91159       0.302432
        1.90159       0.304459
        1.89159       0.306411
        1.88159       0.308286
        1.87159       0.310087
        1.86159       0.311812
        1.85159       0.313462
        1.84159       0.315038
        1.83159        0.31654
        1.82159       0.317969
        1.81159       0.319326
        1.80159       0.320611
        1.79159       0.321825
        1.78159       0.322969
        1.77159       0.324044
        1.76159       0.325052
        1.75159       0.325994
        1.74159        0.32687
        1.73159       0.327683
        1.72159       0.328433
        1.71159       0.329123
        1.70159       0.329753
        1.69159       0.330325
        1.68159       0.330842
        1.67159       0.331304
        1.66159       0.331713
        1.65159       0.332071
        1.64159       0.332381
        1.63159       0.332643
        1.62159        0.33286
        1.61159       0.333033
        1.60159       0.333166
        1.59159       0.333258
        1.58159       0.333313
        1.57159       0.333333
        1.56159       0.333319
        1.55159       0.333274
        1.54159       0.333199
        1.53159       0.333097
        1.52159        0.33297
        1.51159       0.332818
        1.50159       0.332645
        1.49159       0.332453
        1.48159       0.332243
        1.47159       0.332017
        1.46159       0.331777
        1.45159       0.331525
        1.44159       0.331262
        1.43159       0.330991
        1.42159       0.330713
        1.41159       0.330429
        1.40159       0.330142
        1.39159       0.329853
        1.38159       0.329563
        1.37159       0.329274
        1.36159       0.328986
        1.35159       0.328702
        1.34159       0.328423
        1.33159       0.328149
        1.32159       0.327883
        1.31159       0.327623
        1.30159       0.327373
        1.29159       0.327132
        1.28159       0.326901
        1.27159       0.326681
        1.26159       0.326473
        1.25159       0.326276
        1.24159       0.326092
        1.23159        0.32592
        1.22159       0.325761
        1.21159       0.325615
        1.20159       0.325481
        1.19159       0.325361
        1.18159       0.325253
        1.17159       0.325158
        1.16159       0.325075
        1.15159       0.325003
        1.14159       0.324943
        1.13159       0.324893
        1.12159       0.324852
        1.11159       0.324821
        1.10159       0.324797
        1.09159        0.32478
        1.08159       0.324769
        1.07159       0.324763
        1.06159        0.32476
        1.05159        0.32476
        1.04159       0.324759
        1.03159       0.324759
        1.02159       0.324755
        1.01159       0.324748
        1.00159       0.324734
       0.991593       0.324714
       0.981593       0.324683
       0.971593       0.324641
       0.961593       0.324586
       0.951593       0.324516
       0.941593       0.324427
       0.931593        0.32432
       0.921593        0.32419
       0.911593       0.324036
       0.901593       0.323856
       0.891593       0.323647
       0.881593       0.323407
       0.871593       0.323134
       0.861593       0.322824
       0.851593       0.322477
       0.841593       0.322089
       0.831593       0.321658
       0.821593       0.321181
       0.811593       0.320656
       0.801593       0.320081
       0.791593       0.319452
       0.781593       0.318769
       0.771593       0.318027
       0.761593       0.317225
       0.751593       0.316361
       0.741593       0.315432
       0.731593       0.314435
       0.721593       0.313369
       0.711593        0.31223
       0.701593       0.311018
       0.691593       0.309729
       0.681593       0.308362
       0.671593       0.306914
       0.661593       0.305384
       0.651593        0.30377
       0.641593       0.302069
       0.631593       0.300279
       0.621593         0.2984
       0.611593        0.29643
       0.601593       0.294366
       0.591593       0.292207
       0.581593       0.289953
       0.571593       0.287601
       0.561593        0.28515
       0.551593       0.282599
       0.541593       0.279948
       0.531593       0.277195
       0.521593       0.274339
       0.511593       0.271379
       0.501593       0.268316
       0.491593       0.265148
       0.481593       0.261875
       0.471593       0.258497
       0.461593       0.255013
       0.451593       0.251424
       0.441593       0.247729
       0.431593       0.243929
       0.421593       0.240024
       0.411593       0.236014
       0.401593         0.2319
       0.391593       0.227682
       0.381593       0.223361
       0.371593       0.218938
       0.361593       0.214414
       0.351593        0.20979
       0.341593       0.205067
       0.331593       0.200247
       0.321593       0.195331
       0.311593        0.19032
       0.301593       0.185217
       0.291593       0.180022
       0.281593       0.174738
       0.271593       0.169367
       0.261593        0.16391
       0.251593       0.158371
       0.241593       0.152751
       0.231593       0.147053
       0.221593       0.141279
       0.211593       0.135431
       0.201593       0.129513
       0.191593       0.123527
       0.181593       0.117477
       0.171593       0.111364
       0.161593       0.105191
       0.151593      0.0989631
       0.141593      0.0926818
       0.131593      0.0863508
       0.121593      0.0799732
       0.111593      0.0735524
       0.101593      0.0670918
      0.0915927      0.0605946
      0.0815927      0.0540645
      0.0715927      0.0475049
      0.0615927      0.0409193
      0.0515927      0.0343113
      0.0415927      0.0276845
      0.0315927      0.0210425
      0.0215927      0.0143889
      0.0115927     0.00772748
