        3.14159           -nan
        3.13159    1.33337e+06
        3.12159         166683
        3.11159        49393.8
        3.10159        20841.7
        3.09159        10673.3
        3.08159         6178.4
        3.07159        3892.03
        3.06159        2608.34
        3.05159         1832.7
        3.04159        1336.67
        3.03159        1004.79
        3.02159        774.389
        3.01159        609.459
        3.00159        488.297
        2.99159        397.291
        2.98159        327.612
        2.97159        273.358
        2.96159        230.485
        2.95159        196.156
        2.94159        168.343
        2.93159        145.571
        2.92159        126.745
        2.91159        111.047
        2.90159        97.8516
        2.89159        86.6793
        2.88159        77.1562
        2.87159        68.9885
        2.86159        61.9432
        2.85159        55.8335
        2.84159         50.509
        2.83159        45.8472
        2.82159         41.748
        2.81159        38.1288
        2.80159        34.9212
        2.79159        32.0683
        2.78159        29.5222
        2.77159        27.2426
        2.76159        25.1955
        2.75159        23.3519
        2.74159        21.6871
        2.73159        20.1798
        2.72159        18.8117
        2.71159        17.5672
        2.70159        16.4325
        2.69159        15.3957
        2.68159        14.4465
        2.67159        13.5757
        2.66159        12.7755
        2.65159        12.0386
        2.64159        11.3591
        2.63159        10.7314
        2.62159        10.1505
        2.61159         9.6123
        2.60159        9.11281
        2.59159        8.64862
        2.58159        8.21666
        2.57159        7.81415
        2.56159        7.43862
        2.55159        7.08782
        2.54159        6.75975
        2.53159        6.45258
        2.52159        6.16467
        2.51159        5.89451
        2.50159        5.64075
        2.49159        5.40216
        2.48159        5.17762
        2.47159        4.96609
        2.46159        4.76665
        2.45159        4.57843
        2.44159        4.40065
        2.43159        4.23259
        2.42159         4.0736
        2.41159        3.92306
        2.40159        3.78041
        2.39159        3.64515
        2.38159         3.5168
        2.37159        3.39491
        2.36159        3.27909
        2.35159        3.16895
        2.34159        3.06416
        2.33159        2.96438
        2.32159        2.86933
        2.31159        2.77871
        2.30159        2.69228
        2.29159        2.60979
        2.28159        2.53103
        2.27159        2.45577
        2.26159        2.38383
        2.25159        2.31503
        2.24159        2.24919
        2.23159        2.18616
        2.22159        2.12578
        2.21159        2.06793
        2.20159        2.01246
        2.19159        1.95925
        2.18159         1.9082
        2.17159        1.85919
        2.16159        1.81213
        2.15159        1.76691
        2.14159        1.72344
        2.13159        1.68165
        2.12159        1.64146
        2.11159        1.60277
        2.10159        1.56554
        2.09159        1.52969
        2.08159        1.49515
        2.07159        1.46188
        2.06159         1.4298
        2.05159        1.39887
        2.04159        1.36904
        2.03159        1.34026
        2.02159        1.31248
        2.01159        1.28567
        2.00159        1.25978
        1.99159        1.23477
        1.98159        1.21061
        1.97159        1.18726
        1.96159        1.16469
        1.95159        1.14286
        1.94159        1.12175
        1.93159        1.10134
        1.92159        1.08158
        1.91159        1.06246
        1.90159        1.04396
        1.89159        1.02604
        1.88159        1.00869
        1.87159       0.991882
        1.86159       0.975603
        1.85159        0.95983
        1.84159       0.944545
        1.83159        0.92973
        1.82159       0.915369
        1.81159       0.901446
        1.80159       0.887945
        1.79159       0.874852
        1.78159       0.862153
        1.77159       0.849835
        1.76159       0.837885
        1.75159       0.826291
        1.74159        0.81504
        1.73159       0.804122
        1.72159       0.793527
        1.71159       0.783243
        1.70159       0.773262
        1.69159       0.763573
        1.68159       0.754168
        1.67159       0.745038
        1.66159       0.736174
        1.65159        0.72757
        1.64159       0.719216
        1.63159       0.711107
        1.62159       0.703234
        1.61159       0.695592
        1.60159       0.688173
        1.59159       0.680972
        1.58159       0.673982
        1.57159       0.667198
        1.56159       0.660615
        1.55159       0.654227
        1.54159       0.648029
        1.53159       0.642016
        1.52159       0.636184
        1.51159       0.630529
        1.50159       0.625045
        1.49159        0.61973
        1.48159       0.614578
        1.47159       0.609587
        1.46159       0.604752
        1.45159        0.60007
        1.44159       0.595538
        1.43159       0.591153
        1.42159       0.586912
        1.41159       0.582811
        1.40159       0.578849
        1.39159       0.575021
        1.38159       0.571327
        1.37159       0.567762
        1.36159       0.564326
        1.35159       0.561016
        1.34159        0.55783
        1.33159       0.554765
        1.32159        0.55182
        1.31159       0.548994
        1.30159       0.546283
        1.29159       0.543688
        1.28159       0.541206
        1.27159       0.538836
        1.26159       0.536576
        1.25159       0.534426
        1.24159       0.532384
        1.23159       0.530449
        1.22159        0.52862
        1.21159       0.526897
        1.20159       0.525277
        1.19159       0.523762
        1.18159        0.52235
        1.17159       0.521039
        1.16159       0.519831
        1.15159       0.518725
        1.14159       0.517719
        1.13159       0.516815
        1.12159       0.516011
        1.11159       0.515308
        1.10159       0.514706
        1.09159       0.514205
        1.08159       0.513804
        1.07159       0.513504
        1.06159       0.513306
        1.05159        0.51321
        1.04159       0.513216
        1.03159       0.513326
        1.02159       0.513539
        1.01159       0.513856
        1.00159       0.514279
       0.991593       0.514808
       0.981593       0.515444
       0.971593       0.516189
       0.961593       0.517045
       0.951593       0.518011
       0.941593       0.519091
       0.931593       0.520285
       0.921593       0.521595
       0.911593       0.523024
       0.901593       0.524573
       0.891593       0.526245
       0.881593       0.528041
       0.871593       0.529965
       0.861593        0.53202
       0.851593       0.534207
       0.841593       0.536531
       0.831593       0.538994
       0.821593       0.541599
       0.811593       0.544352
       0.801593       0.547254
       0.791593       0.550312
       0.781593       0.553528
       0.771593       0.556907
       0.761593       0.560456
       0.751593       0.564178
       0.741593       0.568079
       0.731593       0.572166
       0.721593       0.576444
       0.711593       0.580921
       0.701593       0.585603
       0.691593       0.590498
       0.681593       0.595614
       0.671593       0.600959
       0.661593       0.606543
       0.651593       0.612376
       0.641593       0.618467
       0.631593       0.624828
       0.621593        0.63147
       0.611593       0.638406
       0.601593        0.64565
       0.591593       0.653216
       0.581593       0.661119
       0.571593       0.669376
       0.561593       0.678005
       0.551593       0.687024
       0.541593       0.696455
       0.531593       0.706319
       0.521593        0.71664
       0.511593       0.727443
       0.501593       0.738757
       0.491593       0.750612
       0.481593        0.76304
       0.471593       0.776076
       0.461593        0.78976
       0.451593       0.804133
       0.441593        0.81924
       0.431593       0.835133
       0.421593       0.851865
       0.411593       0.869497
       0.401593       0.888095
       0.391593       0.907732
       0.381593       0.928489
       0.371593       0.950455
       0.361593        0.97373
       0.351593       0.998424
       0.341593        1.02466
       0.331593        1.05258
       0.321593        1.08234
       0.311593        1.11411
       0.301593        1.14809
       0.291593        1.18451
       0.281593        1.22363
       0.271593        1.26575
       0.261593         1.3112
       0.251593        1.36039
       0.241593        1.41378
       0.231593         1.4719
       0.221593        1.53541
       0.211593        1.60507
       0.201593        1.68178
       0.191593        1.76666
       0.181593        1.86104
       0.171593        1.96659
       0.161593        2.08539
       0.151593        2.22005
       0.141593        2.37393
       0.131593        2.55142
       0.121593        2.75834
       0.111593         3.0026
       0.101593        3.29522
      0.0915927        3.65205
      0.0815927        4.09669
      0.0715927        4.66593
      0.0615927        5.42046
      0.0515927        6.46804
      0.0415927        8.02002
      0.0315927        10.5554
      0.0215927        15.4404
      0.0115927        28.7555
