        3.14159           -nan
        3.13159    1.99995e+06
        3.12159         249975
        3.11159        74057.4
        3.10159        31237.5
        3.09159          15990
        3.08159        9250.93
        3.07159        5823.77
        3.06159        3900.01
        3.05159        2737.94
        3.04159        1995.01
        3.03159        1498.09
        3.02159        1153.25
        3.01159        906.496
        3.00159        725.302
        2.99159         589.27
        2.98159        485.168
        2.97159        404.155
        2.96159        340.171
        2.95159         288.97
        2.94159        247.515
        2.93159        213.594
        2.92159        185.573
        2.91159        162.222
        2.90159        142.611
        2.89159        126.019
        2.88159        111.888
        2.87159         99.779
        2.86159        89.3432
        2.85159        80.3019
        2.84159          72.43
        2.83159        65.5448
        2.82159        59.4968
        2.81159        54.1627
        2.80159        49.4405
        2.79159        45.2451
        2.78159        41.5052
        2.77159        38.1609
        2.76159        35.1614
        2.75159        32.4634
        2.74159        30.0302
        2.73159        27.8302
        2.72159        25.8362
        2.71159        24.0248
        2.70159        22.3755
        2.69159        20.8708
        2.68159        19.4953
        2.67159        18.2353
        2.66159        17.0792
        2.65159        16.0165
        2.64159        15.0379
        2.63159        14.1355
        2.62159        13.3019
        2.61159        12.5308
        2.60159        11.8165
        2.59159        11.1538
        2.58159        10.5383
        2.57159        9.96577
        2.56159        9.43266
        2.55159        8.93563
        2.54159        8.47171
        2.53159        8.03821
        2.52159        7.63271
        2.51159        7.25301
        2.50159         6.8971
        2.49159        6.56318
        2.48159        6.24959
        2.47159        5.95484
        2.46159        5.67753
        2.45159        5.41643
        2.44159        5.17038
        2.43159        4.93832
        2.42159         4.7193
        2.41159        4.51242
        2.40159        4.31686
        2.39159        4.13189
        2.38159        3.95679
        2.37159        3.79094
        2.36159        3.63374
        2.35159        3.48465
        2.34159        3.34316
        2.33159         3.2088
        2.32159        3.08115
        2.31159        2.95979
        2.30159        2.84435
        2.29159        2.73449
        2.28159        2.62988
        2.27159        2.53022
        2.26159        2.43522
        2.25159        2.34463
        2.24159         2.2582
        2.23159         2.1757
        2.22159        2.09691
        2.21159        2.02164
        2.20159        1.94971
        2.19159        1.88092
        2.18159        1.81513
        2.17159        1.75216
        2.16159        1.69189
        2.15159        1.63417
        2.14159        1.57887
        2.13159        1.52588
        2.12159        1.47508
        2.11159        1.42636
        2.10159        1.37962
        2.09159        1.33477
        2.08159        1.29171
        2.07159        1.25037
        2.06159        1.21067
        2.05159        1.17252
        2.04159        1.13586
        2.03159        1.10061
        2.02159        1.06672
        2.01159        1.03413
        2.00159        1.00277
        1.99159       0.972598
        1.98159       0.943555
        1.97159       0.915595
        1.96159       0.888672
        1.95159        0.86274
        1.94159        0.83776
        1.93159        0.81369
        1.92159       0.790494
        1.91159       0.768135
        1.90159       0.746579
        1.89159       0.725794
        1.88159       0.705749
        1.87159       0.686414
        1.86159       0.667762
        1.85159       0.649765
        1.84159       0.632398
        1.83159       0.615638
        1.82159        0.59946
        1.81159       0.583842
        1.80159       0.568765
        1.79159       0.554206
        1.78159       0.540148
        1.77159       0.526571
        1.76159       0.513458
        1.75159       0.500792
        1.74159       0.488558
        1.73159       0.476739
        1.72159       0.465321
        1.71159       0.454291
        1.70159       0.443633
        1.69159       0.433337
        1.68159       0.423388
        1.67159       0.413776
        1.66159       0.404488
        1.65159       0.395515
        1.64159       0.386845
        1.63159       0.378469
        1.62159       0.370377
        1.61159       0.362559
        1.60159       0.355008
        1.59159       0.347713
        1.58159       0.340668
        1.57159       0.333865
        1.56159       0.327295
        1.55159       0.320953
        1.54159        0.31483
        1.53159        0.30892
        1.52159       0.303217
        1.51159       0.297714
        1.50159       0.292407
        1.49159       0.287288
        1.48159       0.282353
        1.47159       0.277596
        1.46159       0.273013
        1.45159       0.268598
        1.44159       0.264346
        1.43159       0.260255
        1.42159       0.256318
        1.41159       0.252532
        1.40159       0.248893
        1.39159       0.245398
        1.38159       0.242041
        1.37159       0.238821
        1.36159       0.235733
        1.35159       0.232775
        1.34159       0.229943
        1.33159       0.227234
        1.32159       0.224645
        1.31159       0.222173
        1.30159       0.219817
        1.29159       0.217573
        1.28159       0.215439
        1.27159       0.213412
        1.26159       0.211491
        1.25159       0.209673
        1.24159       0.207956
        1.23159       0.206339
        1.22159       0.204818
        1.21159       0.203394
        1.20159       0.202063
        1.19159       0.200824
        1.18159       0.199676
        1.17159       0.198618
        1.16159       0.197647
        1.15159       0.196763
        1.14159       0.195965
        1.13159       0.195251
        1.12159        0.19462
        1.11159       0.194071
        1.10159       0.193603
        1.09159       0.193216
        1.08159       0.192909
        1.07159        0.19268
        1.06159        0.19253
        1.05159       0.192458
        1.04159       0.192462
        1.03159       0.192544
        1.02159       0.192701
        1.01159       0.192935
        1.00159       0.193245
       0.991593        0.19363
       0.981593       0.194091
       0.971593       0.194628
       0.961593        0.19524
       0.951593       0.195928
       0.941593       0.196692
       0.931593       0.197532
       0.921593       0.198449
       0.911593       0.199443
       0.901593       0.200515
       0.891593       0.201664
       0.881593       0.202893
       0.871593       0.204202
       0.861593       0.205591
       0.851593       0.207062
       0.841593       0.208616
       0.831593       0.210254
       0.821593       0.211977
       0.811593       0.213787
       0.801593       0.215685
       0.791593       0.217674
       0.781593       0.219754
       0.771593       0.221928
       0.761593       0.224199
       0.751593       0.226567
       0.741593       0.229037
       0.731593        0.23161
       0.721593       0.234289
       0.711593       0.237078
       0.701593        0.23998
       0.691593       0.242997
       0.681593       0.246135
       0.671593       0.249396
       0.661593       0.252786
       0.651593       0.256308
       0.641593       0.259969
       0.631593       0.263772
       0.621593       0.267724
       0.611593       0.271831
       0.601593       0.276099
       0.591593       0.280535
       0.581593       0.285147
       0.571593       0.289943
       0.561593       0.294932
       0.551593       0.300122
       0.541593       0.305524
       0.531593       0.311149
       0.521593       0.317009
       0.511593       0.323115
       0.501593       0.329483
       0.491593       0.336126
       0.481593       0.343061
       0.471593       0.350306
       0.461593       0.357879
       0.451593       0.365801
       0.441593       0.374096
       0.431593       0.382787
       0.421593       0.391903
       0.411593       0.401473
       0.401593        0.41153
       0.391593        0.42211
       0.381593       0.433254
       0.371593       0.445007
       0.361593       0.457418
       0.351593       0.470541
       0.341593        0.48444
       0.331593       0.499182
       0.321593       0.514846
       0.311593        0.53152
       0.301593       0.549304
       0.291593       0.568309
       0.281593       0.588667
       0.271593       0.610525
       0.261593       0.634055
       0.251593       0.659454
       0.241593       0.686955
       0.231593       0.716828
       0.221593       0.749395
       0.211593       0.785035
       0.201593       0.824207
       0.191593        0.86746
       0.181593        0.91547
       0.171593       0.969067
       0.161593        1.02929
       0.151593        1.09744
       0.141593        1.17521
       0.131593        1.26478
       0.121593        1.36906
       0.111593        1.49202
       0.101593        1.63916
      0.0915927         1.8184
      0.0815927        2.04155
      0.0715927          2.327
      0.0615927         2.7051
      0.0515927        3.22972
      0.0415927        4.00654
      0.0315927        5.27505
      0.0215927        7.71838
      0.0115927        14.3768
