        3.14159           -nan
        3.13159    3.33325e-07
        3.12159     2.6664e-06
        3.11159    8.99798e-06
        3.10159    2.13248e-05
        3.09159    4.16406e-05
        3.08159    7.19352e-05
        3.07159    0.000114193
        3.06159    0.000170394
        3.05159    0.000242508
        3.04159    0.000332501
        3.03159    0.000442326
        3.02159    0.000573929
        3.01159    0.000729245
        3.00159    0.000910194
        2.99159     0.00111869
        2.98159     0.00135662
        2.97159     0.00162587
        2.96159      0.0019283
        2.95159     0.00226577
        2.94159     0.00264011
        2.93159     0.00305312
        2.92159     0.00350659
        2.91159     0.00400231
        2.90159     0.00454203
        2.89159     0.00512746
        2.88159     0.00576032
        2.87159     0.00644229
        2.86159     0.00717503
        2.85159     0.00796017
        2.84159     0.00879931
        2.83159     0.00969404
        2.82159      0.0106459
        2.81159      0.0116564
        2.80159      0.0127271
        2.79159      0.0138593
        2.78159      0.0150546
        2.77159      0.0163143
        2.76159      0.0176398
        2.75159      0.0190325
        2.74159      0.0204935
        2.73159      0.0220243
        2.72159      0.0236259
        2.71159      0.0252997
        2.70159      0.0270467
        2.69159      0.0288681
        2.68159      0.0307649
        2.67159      0.0327382
        2.66159      0.0347889
        2.65159      0.0369181
        2.64159      0.0391267
        2.63159      0.0414155
        2.62159      0.0437854
        2.61159      0.0462371
        2.60159      0.0487714
        2.59159       0.051389
        2.58159      0.0540907
        2.57159      0.0568769
        2.56159      0.0597483
        2.55159      0.0627053
        2.54159      0.0657486
        2.53159      0.0688785
        2.52159      0.0720954
        2.51159      0.0753997
        2.50159      0.0787917
        2.49159      0.0822715
        2.48159      0.0858395
        2.47159      0.0894958
        2.46159      0.0932405
        2.45159      0.0970736
        2.44159       0.100995
        2.43159       0.105005
        2.42159       0.109104
        2.41159        0.11329
        2.40159       0.117565
        2.39159       0.121928
        2.38159       0.126378
        2.37159       0.130915
        2.36159       0.135539
        2.35159        0.14025
        2.34159       0.145046
        2.33159       0.149928
        2.32159       0.154895
        2.31159       0.159946
        2.30159       0.165081
        2.29159       0.170299
        2.28159       0.175598
        2.27159        0.18098
        2.26159       0.186441
        2.25159       0.191982
        2.24159       0.197602
        2.23159       0.203299
        2.22159       0.209073
        2.21159       0.214923
        2.20159       0.220847
        2.19159       0.226844
        2.18159       0.232913
        2.17159       0.239052
        2.16159       0.245261
        2.15159       0.251538
        2.14159       0.257882
        2.13159        0.26429
        2.12159       0.270762
        2.11159       0.277297
        2.10159       0.283892
        2.09159       0.290546
        2.08159       0.297257
        2.07159       0.304024
        2.06159       0.310844
        2.05159       0.317717
        2.04159       0.324639
        2.03159       0.331611
        2.02159       0.338628
        2.01159       0.345691
        2.00159       0.352795
        1.99159       0.359941
        1.98159       0.367125
        1.97159       0.374345
        1.96159         0.3816
        1.95159       0.388888
        1.94159       0.396205
        1.93159        0.40355
        1.92159       0.410921
        1.91159       0.418316
        1.90159       0.425731
        1.89159       0.433166
        1.88159       0.440617
        1.87159       0.448082
        1.86159       0.455559
        1.85159       0.463045
        1.84159       0.470538
        1.83159       0.478036
        1.82159       0.485536
        1.81159       0.493035
        1.80159       0.500531
        1.79159       0.508022
        1.78159       0.515505
        1.77159       0.522977
        1.76159       0.530436
        1.75159       0.537879
        1.74159       0.545304
        1.73159       0.552707
        1.72159       0.560087
        1.71159       0.567441
        1.70159       0.574766
        1.69159       0.582059
        1.68159       0.589318
        1.67159        0.59654
        1.66159       0.603722
        1.65159       0.610862
        1.64159       0.617957
        1.63159       0.625004
        1.62159       0.632001
        1.61159       0.638945
        1.60159       0.645833
        1.59159       0.652662
        1.58159       0.659431
        1.57159       0.666136
        1.56159       0.672774
        1.55159       0.679343
        1.54159        0.68584
        1.53159       0.692263
        1.52159       0.698609
        1.51159       0.704876
        1.50159        0.71106
        1.49159       0.717159
        1.48159        0.72317
        1.47159       0.729092
        1.46159        0.73492
        1.45159       0.740654
        1.44159        0.74629
        1.43159       0.751826
        1.42159       0.757259
        1.41159       0.762587
        1.40159       0.767808
        1.39159       0.772918
        1.38159       0.777917
        1.37159         0.7828
        1.36159       0.787566
        1.35159       0.792213
        1.34159       0.796739
        1.33159        0.80114
        1.32159       0.805415
        1.31159       0.809562
        1.30159       0.813578
        1.29159       0.817462
        1.28159       0.821211
        1.27159       0.824823
        1.26159       0.828297
        1.25159       0.831629
        1.24159       0.834819
        1.23159       0.837865
        1.22159       0.840763
        1.21159       0.843514
        1.20159       0.846114
        1.19159       0.848562
        1.18159       0.850856
        1.17159       0.852996
        1.16159       0.854978
        1.15159       0.856802
        1.14159       0.858466
        1.13159       0.859968
        1.12159       0.861307
        1.11159       0.862482
        1.10159       0.863492
        1.09159       0.864334
        1.08159       0.865008
        1.07159       0.865513
        1.06159       0.865846
        1.05159       0.866009
        1.04159       0.865998
        1.03159       0.865814
        1.02159       0.865455
        1.01159        0.86492
        1.00159       0.864209
       0.991593       0.863321
       0.981593       0.862255
       0.971593        0.86101
       0.961593       0.859586
       0.951593       0.857982
       0.941593       0.856198
       0.931593       0.854233
       0.921593       0.852087
       0.911593        0.84976
       0.901593        0.84725
       0.891593       0.844559
       0.881593       0.841685
       0.871593       0.838629
       0.861593       0.835391
       0.851593        0.83197
       0.841593       0.828367
       0.831593       0.824582
       0.821593       0.820615
       0.811593       0.816466
       0.801593       0.812135
       0.791593       0.807623
       0.781593       0.802931
       0.771593       0.798058
       0.761593       0.793006
       0.751593       0.787774
       0.741593       0.782364
       0.731593       0.776776
       0.721593        0.77101
       0.711593       0.765069
       0.701593       0.758952
       0.691593       0.752661
       0.681593       0.746196
       0.671593       0.739558
       0.661593        0.73275
       0.651593       0.725771
       0.641593       0.718623
       0.631593       0.711307
       0.621593       0.703825
       0.611593       0.696178
       0.601593       0.688367
       0.591593       0.680394
       0.581593        0.67226
       0.571593       0.663968
       0.561593       0.655518
       0.551593       0.646912
       0.541593       0.638152
       0.531593       0.629241
       0.521593       0.620179
       0.511593       0.610968
       0.501593       0.601611
       0.491593        0.59211
       0.481593       0.582466
       0.471593       0.572681
       0.461593       0.562759
       0.451593         0.5527
       0.441593       0.542508
       0.431593       0.532184
       0.421593       0.521731
       0.411593       0.511151
       0.401593       0.500447
       0.391593       0.489621
       0.381593       0.478675
       0.371593       0.467612
       0.361593       0.456435
       0.351593       0.445146
       0.341593       0.433748
       0.331593       0.422243
       0.321593       0.410634
       0.311593       0.398925
       0.301593       0.387117
       0.291593       0.375214
       0.281593       0.363218
       0.271593       0.351133
       0.261593        0.33896
       0.251593       0.326704
       0.241593       0.314367
       0.231593       0.301952
       0.221593       0.289462
       0.211593         0.2769
       0.201593        0.26427
       0.191593       0.251574
       0.181593       0.238815
       0.171593       0.225997
       0.161593       0.213123
       0.151593       0.200196
       0.141593       0.187219
       0.131593       0.174195
       0.121593       0.161127
       0.111593        0.14802
       0.101593       0.134875
      0.0915927       0.121697
      0.0815927       0.108489
      0.0715927      0.0952532
      0.0615927      0.0819938
      0.0515927      0.0687139
      0.0415927      0.0554169
      0.0315927       0.042106
      0.0215927      0.0287846
      0.0115927       0.015456
