        3.14159           -nan
        3.13159        0.99995
        3.12159         0.9998
        3.11159        0.99955
        3.10159         0.9992
        3.09159       0.998751
        3.08159       0.998202
        3.07159       0.997553
        3.06159       0.996805
        3.05159       0.995958
        3.04159       0.995012
        3.03159       0.993968
        3.02159       0.992826
        3.01159       0.991586
        3.00159       0.990248
        2.99159       0.988813
        2.98159       0.987282
        2.97159       0.985654
        2.96159       0.983931
        2.95159       0.982112
        2.94159       0.980199
        2.93159       0.978192
        2.92159       0.976091
        2.91159       0.973898
        2.90159       0.971612
        2.89159       0.969235
        2.88159       0.966767
        2.87159       0.964208
        2.86159       0.961561
        2.85159       0.958825
        2.84159       0.956001
        2.83159       0.953091
        2.82159       0.950094
        2.81159       0.947013
        2.80159       0.943847
        2.79159       0.940598
        2.78159       0.937267
        2.77159       0.933854
        2.76159       0.930361
        2.75159       0.926789
        2.74159       0.923138
        2.73159        0.91941
        2.72159       0.915607
        2.71159       0.911728
        2.70159       0.907776
        2.69159       0.903751
        2.68159       0.899654
        2.67159       0.895487
        2.66159       0.891252
        2.65159       0.886948
        2.64159       0.882578
        2.63159       0.878142
        2.62159       0.873643
        2.61159       0.869081
        2.60159       0.864458
        2.59159       0.859774
        2.58159       0.855032
        2.57159       0.850233
        2.56159       0.845377
        2.55159       0.840468
        2.54159       0.835505
        2.53159        0.83049
        2.52159       0.825426
        2.51159       0.820312
        2.50159       0.815151
        2.49159       0.809944
        2.48159       0.804693
        2.47159       0.799399
        2.46159       0.794064
        2.45159       0.788689
        2.44159       0.783275
        2.43159       0.777825
        2.42159       0.772339
        2.41159        0.76682
        2.40159       0.761268
        2.39159       0.755686
        2.38159       0.750074
        2.37159       0.744435
        2.36159       0.738771
        2.35159       0.733081
        2.34159       0.727369
        2.33159       0.721636
        2.32159       0.715882
        2.31159       0.710111
        2.30159       0.704323
        2.29159        0.69852
        2.28159       0.692704
        2.27159       0.686876
        2.26159       0.681038
        2.25159       0.675191
        2.24159       0.669336
        2.23159       0.663477
        2.22159       0.657613
        2.21159       0.651746
        2.20159       0.645879
        2.19159       0.640013
        2.18159       0.634148
        2.17159       0.628288
        2.16159       0.622432
        2.15159       0.616583
        2.14159       0.610743
        2.13159       0.604912
        2.12159       0.599093
        2.11159       0.593286
        2.10159       0.587493
        2.09159       0.581716
        2.08159       0.575956
        2.07159       0.570214
        2.06159       0.564493
        2.05159       0.558793
        2.04159       0.553115
        2.03159       0.547462
        2.02159       0.541834
        2.01159       0.536233
        2.00159        0.53066
        1.99159       0.525116
        1.98159       0.519604
        1.97159       0.514123
        1.96159       0.508676
        1.95159       0.503264
        1.94159       0.497887
        1.93159       0.492547
        1.92159       0.487246
        1.91159       0.481984
        1.90159       0.476763
        1.89159       0.471584
        1.88159       0.466447
        1.87159       0.461354
        1.86159       0.456307
        1.85159       0.451306
        1.84159       0.446351
        1.83159       0.441446
        1.82159       0.436589
        1.81159       0.431782
        1.80159       0.427027
        1.79159       0.422324
        1.78159       0.417673
        1.77159       0.413077
        1.76159       0.408535
        1.75159       0.404049
        1.74159       0.399619
        1.73159       0.395246
        1.72159       0.390931
        1.71159       0.386675
        1.70159       0.382478
        1.69159       0.378341
        1.68159       0.374265
        1.67159        0.37025
        1.66159       0.366298
        1.65159       0.362407
        1.64159        0.35858
        1.63159       0.354817
        1.62159       0.351118
        1.61159       0.347483
        1.60159       0.343913
        1.59159       0.340409
        1.58159       0.336971
        1.57159       0.333599
        1.56159       0.330294
        1.55159       0.327055
        1.54159       0.323884
        1.53159       0.320781
        1.52159       0.317745
        1.51159       0.314777
        1.50159       0.311878
        1.49159       0.309046
        1.48159       0.306284
        1.47159       0.303589
        1.46159       0.300964
        1.45159       0.298407
        1.44159       0.295919
        1.43159       0.293499
        1.42159       0.291149
        1.41159       0.288867
        1.40159       0.286653
        1.39159       0.284509
        1.38159       0.282432
        1.37159       0.280424
        1.36159       0.278483
        1.35159       0.276611
        1.34159       0.274806
        1.33159       0.273069
        1.32159       0.271398
        1.31159       0.269795
        1.30159       0.268258
        1.29159       0.266787
        1.28159       0.265381
        1.27159       0.264041
        1.26159       0.262766
        1.25159       0.261556
        1.24159       0.260409
        1.23159       0.259326
        1.22159       0.258306
        1.21159       0.257348
        1.20159       0.256452
        1.19159       0.255618
        1.18159       0.254844
        1.17159        0.25413
        1.16159       0.253476
        1.15159       0.252881
        1.14159       0.252344
        1.13159       0.251864
        1.12159       0.251441
        1.11159       0.251074
        1.10159       0.250762
        1.09159       0.250505
        1.08159       0.250302
        1.07159       0.250151
        1.06159       0.250052
        1.05159       0.250005
        1.04159       0.250008
        1.03159        0.25006
        1.02159       0.250161
        1.01159        0.25031
        1.00159       0.250506
       0.991593       0.250748
       0.981593       0.251034
       0.971593       0.251365
       0.961593       0.251738
       0.951593       0.252154
       0.941593       0.252611
       0.931593       0.253108
       0.921593       0.253644
       0.911593       0.254218
       0.901593       0.254829
       0.891593       0.255476
       0.881593       0.256158
       0.871593       0.256874
       0.861593       0.257623
       0.851593       0.258404
       0.841593       0.259216
       0.831593       0.260057
       0.821593       0.260927
       0.811593       0.261824
       0.801593       0.262748
       0.791593       0.263698
       0.781593       0.264671
       0.771593       0.265668
       0.761593       0.266686
       0.751593       0.267726
       0.741593       0.268785
       0.731593       0.269863
       0.721593       0.270959
       0.711593       0.272072
       0.701593       0.273199
       0.691593       0.274342
       0.681593       0.275497
       0.671593       0.276665
       0.661593       0.277843
       0.651593       0.279032
       0.641593       0.280229
       0.631593       0.281434
       0.621593       0.282646
       0.611593       0.283864
       0.601593       0.285086
       0.591593       0.286312
       0.581593        0.28754
       0.571593        0.28877
       0.561593           0.29
       0.551593       0.291229
       0.541593       0.292457
       0.531593       0.293682
       0.521593       0.294903
       0.511593        0.29612
       0.501593       0.297331
       0.491593       0.298535
       0.481593       0.299732
       0.471593        0.30092
       0.461593       0.302099
       0.451593       0.303268
       0.441593       0.304425
       0.431593        0.30557
       0.421593       0.306702
       0.411593        0.30782
       0.401593       0.308923
       0.391593       0.310011
       0.381593       0.311082
       0.371593       0.312136
       0.361593       0.313172
       0.351593       0.314189
       0.341593       0.315187
       0.331593       0.316164
       0.321593       0.317121
       0.311593       0.318055
       0.301593       0.318967
       0.291593       0.319856
       0.281593       0.320722
       0.271593       0.321563
       0.261593       0.322379
       0.251593       0.323169
       0.241593       0.323934
       0.231593       0.324672
       0.221593       0.325382
       0.211593       0.326065
       0.201593        0.32672
       0.191593       0.327346
       0.181593       0.327943
       0.171593        0.32851
       0.161593       0.329047
       0.151593       0.329554
       0.141593       0.330031
       0.131593       0.330476
       0.121593        0.33089
       0.111593       0.331273
       0.101593       0.331623
      0.0915927       0.331942
      0.0815927       0.332228
      0.0715927       0.332482
      0.0615927       0.332702
      0.0515927        0.33289
      0.0415927       0.333045
      0.0315927       0.333167
      0.0215927       0.333256
      0.0115927       0.333311
