        3.14159           -nan
        3.13159        -666583
        3.12159       -83291.6
        3.11159       -24663.6
        3.10159       -10395.8
        3.09159       -5316.67
        3.08159       -3072.53
        3.07159       -1931.73
        3.06159       -1291.67
        3.05159       -905.238
        3.04159       -658.336
        3.03159       -493.303
        3.02159       -378.861
        3.01159       -297.037
        3.00159       -237.005
        2.99159       -191.979
        2.98159       -157.556
        2.97159       -130.797
        2.96159       -109.687
        2.95159       -92.8147
        2.94159       -79.1716
        2.93159       -68.0234
        2.92159       -58.8272
        2.91159       -51.1755
        2.90159        -44.759
        2.89159       -39.3395
        2.88159       -34.7318
        2.87159       -30.7905
        2.86159          -27.4
        2.85159       -24.4684
        2.84159        -21.921
        2.83159       -19.6976
        2.82159       -17.7488
        2.81159       -16.0339
        2.80159       -14.5192
        2.79159       -13.1768
        2.78159        -11.983
        2.77159       -10.9183
        2.76159       -9.96586
        2.75159       -9.11151
        2.74159       -8.34317
        2.73159       -7.65046
        2.72159       -7.02449
        2.71159       -6.45756
        2.70159       -5.94303
        2.69159       -5.47512
        2.68159       -5.04878
        2.67159       -4.65961
        2.66159       -4.30376
        2.65159       -3.97783
        2.64159       -3.67884
        2.63159       -3.40413
        2.62159       -3.15138
        2.61159        -2.9185
        2.60159       -2.70365
        2.59159       -2.50517
        2.58159        -2.3216
        2.57159       -2.15162
        2.56159       -1.99404
        2.55159       -1.84781
        2.54159       -1.71196
        2.53159       -1.58563
        2.52159       -1.46804
        2.51159        -1.3585
        2.50159       -1.25635
        2.49159       -1.16101
        2.48159       -1.07197
        2.47159      -0.988744
        2.46159      -0.910887
        2.45159      -0.838004
        2.44159       -0.76973
        2.43159      -0.705731
        2.42159      -0.645701
        2.41159       -0.58936
        2.40159      -0.536449
        2.39159      -0.486733
        2.38159      -0.439992
        2.37159      -0.396027
        2.36159      -0.354652
        2.35159      -0.315697
        2.34159      -0.279002
        2.33159      -0.244423
        2.32159      -0.211824
        2.31159      -0.181079
        2.30159      -0.152073
        2.29159      -0.124697
        2.28159     -0.0988519
        2.27159      -0.074444
        2.26159     -0.0513867
        2.25159     -0.0295994
        2.24159    -0.00900678
        2.23159      0.0104612
        2.22159        0.02887
        2.21159      0.0462807
        2.20159      0.0627505
        2.19159      0.0783327
        2.18159      0.0930772
        2.17159       0.107031
        2.16159       0.120238
        2.15159       0.132739
        2.14159       0.144572
        2.13159       0.155774
        2.12159        0.16638
        2.11159        0.17642
        2.10159       0.185924
        2.09159       0.194922
        2.08159       0.203439
        2.07159       0.211502
        2.06159       0.219132
        2.05159       0.226353
        2.04159       0.233185
        2.03159       0.239648
        2.02159       0.245762
        2.01159       0.251543
        2.00159       0.257008
        1.99159       0.262173
        1.98159       0.267053
        1.97159       0.271662
        1.96159       0.276014
        1.95159        0.28012
        1.94159       0.283994
        1.93159       0.287646
        1.92159       0.291087
        1.91159       0.294327
        1.90159       0.297376
        1.89159       0.300244
        1.88159       0.302939
        1.87159       0.305468
        1.86159       0.307841
        1.85159       0.310065
        1.84159       0.312146
        1.83159       0.314092
        1.82159       0.315909
        1.81159       0.317603
        1.80159        0.31918
        1.79159       0.320646
        1.78159       0.322006
        1.77159       0.323265
        1.76159       0.324427
        1.75159       0.325498
        1.74159       0.326482
        1.73159       0.327383
        1.72159       0.328205
        1.71159       0.328953
        1.70159       0.329628
        1.69159       0.330236
        1.68159        0.33078
        1.67159       0.331262
        1.66159       0.331686
        1.65159       0.332055
        1.64159       0.332371
        1.63159       0.332638
        1.62159       0.332857
        1.61159       0.333032
        1.60159       0.333165
        1.59159       0.333258
        1.58159       0.333313
        1.57159       0.333333
        1.56159       0.333319
        1.55159       0.333274
        1.54159       0.333199
        1.53159       0.333097
        1.52159       0.332968
        1.51159       0.332815
        1.50159       0.332639
        1.49159       0.332442
        1.48159       0.332225
        1.47159       0.331991
        1.46159       0.331739
        1.45159       0.331472
        1.44159       0.331192
        1.43159       0.330899
        1.42159       0.330594
        1.41159       0.330279
        1.40159       0.329955
        1.39159       0.329624
        1.38159       0.329285
        1.37159       0.328941
        1.36159       0.328593
        1.35159       0.328241
        1.34159       0.327887
        1.33159       0.327532
        1.32159       0.327176
        1.31159        0.32682
        1.30159       0.326466
        1.29159       0.326115
        1.28159       0.325767
        1.27159       0.325424
        1.26159       0.325085
        1.25159       0.324753
        1.24159       0.324428
        1.23159        0.32411
        1.22159       0.323802
        1.21159       0.323503
        1.20159       0.323215
        1.19159       0.322938
        1.18159       0.322673
        1.17159       0.322422
        1.16159       0.322184
        1.15159       0.321961
        1.14159       0.321755
        1.13159       0.321564
        1.12159       0.321392
        1.11159       0.321238
        1.10159       0.321103
        1.09159       0.320988
        1.08159       0.320895
        1.07159       0.320824
        1.06159       0.320776
        1.05159       0.320753
        1.04159       0.320754
        1.03159       0.320782
        1.02159       0.320837
        1.01159       0.320921
        1.00159       0.321034
       0.991593       0.321178
       0.981593       0.321353
       0.971593       0.321562
       0.961593       0.321805
       0.951593       0.322083
       0.941593       0.322399
       0.931593       0.322753
       0.921593       0.323146
       0.911593       0.323581
       0.901593       0.324058
       0.891593        0.32458
       0.881593       0.325148
       0.871593       0.325764
       0.861593       0.326429
       0.851593       0.327145
       0.841593       0.327915
       0.831593        0.32874
       0.821593       0.329623
       0.811593       0.330565
       0.801593       0.331569
       0.791593       0.332638
       0.781593       0.333774
       0.771593       0.334979
       0.761593       0.336257
       0.751593        0.33761
       0.741593       0.339042
       0.731593       0.340556
       0.721593       0.342155
       0.711593       0.343843
       0.701593       0.345623
       0.691593       0.347501
       0.681593       0.349479
       0.671593       0.351563
       0.661593       0.353757
       0.651593       0.356067
       0.641593       0.358498
       0.631593       0.361056
       0.621593       0.363746
       0.611593       0.366576
       0.601593       0.369551
       0.591593       0.372681
       0.581593       0.375972
       0.571593       0.379433
       0.561593       0.383073
       0.551593       0.386902
       0.541593       0.390931
       0.531593        0.39517
       0.521593       0.399631
       0.511593       0.404328
       0.501593       0.409275
       0.491593       0.414486
       0.481593       0.419979
       0.471593       0.425771
       0.461593       0.431881
       0.451593       0.438332
       0.441593       0.445145
       0.431593       0.452346
       0.421593       0.459962
       0.411593       0.468024
       0.401593       0.476565
       0.391593       0.485622
       0.381593       0.495235
       0.371593       0.505448
       0.361593       0.516313
       0.351593       0.527883
       0.341593       0.540222
       0.331593       0.553398
       0.321593        0.56749
       0.311593       0.582585
       0.301593       0.598784
       0.291593         0.6162
       0.281593       0.634963
       0.271593       0.655221
       0.261593       0.677145
       0.251593       0.700935
       0.241593       0.726821
       0.231593       0.755076
       0.221593        0.78602
       0.211593       0.820034
       0.201593       0.857575
       0.191593       0.899195
       0.181593       0.945568
       0.171593       0.997524
       0.161593         1.0561
       0.151593        1.12261
       0.141593        1.19873
       0.131593        1.28665
       0.121593        1.38928
       0.111593        1.51058
       0.101593        1.65606
      0.0915927        1.83365
      0.0815927        2.05513
      0.0715927        2.33892
      0.0615927        2.71536
      0.0515927        3.23832
      0.0415927        4.01347
      0.0315927        5.28032
      0.0215927        7.72197
      0.0115927        14.3787
