        3.14159           -nan
        3.13159      -0.333283
        3.12159      -0.333133
        3.11159      -0.332883
        3.10159      -0.332534
        3.09159      -0.332084
        3.08159      -0.331535
        3.07159      -0.330886
        3.06159      -0.330138
        3.05159      -0.329292
        3.04159      -0.328346
        3.03159      -0.327302
        3.02159      -0.326159
        3.01159      -0.324919
        3.00159      -0.323581
        2.99159      -0.322146
        2.98159      -0.320615
        2.97159      -0.318987
        2.96159      -0.317264
        2.95159      -0.315446
        2.94159      -0.313532
        2.93159      -0.311525
        2.92159      -0.309424
        2.91159      -0.307231
        2.90159      -0.304945
        2.89159      -0.302568
        2.88159        -0.3001
        2.87159      -0.297542
        2.86159      -0.294894
        2.85159      -0.292158
        2.84159      -0.289335
        2.83159      -0.286424
        2.82159      -0.283428
        2.81159      -0.280346
        2.80159       -0.27718
        2.79159      -0.273931
        2.78159        -0.2706
        2.77159      -0.267187
        2.76159      -0.263694
        2.75159      -0.260122
        2.74159      -0.256471
        2.73159      -0.252744
        2.72159       -0.24894
        2.71159      -0.245061
        2.70159      -0.241109
        2.69159      -0.237084
        2.68159      -0.232988
        2.67159      -0.228821
        2.66159      -0.224585
        2.65159      -0.220281
        2.64159      -0.215911
        2.63159      -0.211476
        2.62159      -0.206976
        2.61159      -0.202414
        2.60159      -0.197791
        2.59159      -0.193108
        2.58159      -0.188365
        2.57159      -0.183566
        2.56159      -0.178711
        2.55159      -0.173801
        2.54159      -0.168838
        2.53159      -0.163824
        2.52159      -0.158759
        2.51159      -0.153645
        2.50159      -0.148484
        2.49159      -0.143278
        2.48159      -0.138027
        2.47159      -0.132733
        2.46159      -0.127397
        2.45159      -0.122022
        2.44159      -0.116609
        2.43159      -0.111158
        2.42159      -0.105673
        2.41159      -0.100153
        2.40159     -0.0946015
        2.39159     -0.0890192
        2.38159     -0.0834077
        2.37159     -0.0777688
        2.36159     -0.0721039
        2.35159     -0.0664145
        2.34159     -0.0607023
        2.33159     -0.0549688
        2.32159     -0.0492157
        2.31159     -0.0434443
        2.30159     -0.0376565
        2.29159     -0.0318536
        2.28159     -0.0260374
        2.27159     -0.0202093
        2.26159     -0.0143709
        2.25159    -0.00852384
        2.24159    -0.00266964
        2.23159     0.00319014
        2.22159     0.00905393
        2.21159      0.0149202
        2.20159      0.0207874
        2.19159      0.0266539
        2.18159      0.0325183
        2.17159       0.038379
        2.16159      0.0442344
        2.15159      0.0500832
        2.14159      0.0559237
        2.13159      0.0617545
        2.12159       0.067574
        2.11159      0.0733809
        2.10159      0.0791736
        2.09159      0.0849507
        2.08159      0.0907107
        2.07159      0.0964522
        2.06159       0.102174
        2.05159       0.107874
        2.04159       0.113551
        2.03159       0.119205
        2.02159       0.124833
        2.01159       0.130434
        2.00159       0.136007
        1.99159        0.14155
        1.98159       0.147063
        1.97159       0.152543
        1.96159        0.15799
        1.95159       0.163403
        1.94159        0.16878
        1.93159       0.174119
        1.92159       0.179421
        1.91159       0.184682
        1.90159       0.189904
        1.89159       0.195083
        1.88159        0.20022
        1.87159       0.205312
        1.86159        0.21036
        1.85159       0.215361
        1.84159       0.220315
        1.83159       0.225221
        1.82159       0.230078
        1.81159       0.234884
        1.80159        0.23964
        1.79159       0.244343
        1.78159       0.248994
        1.77159        0.25359
        1.76159       0.258132
        1.75159       0.262618
        1.74159       0.267048
        1.73159       0.271421
        1.72159       0.275736
        1.71159       0.279992
        1.70159       0.284189
        1.69159       0.288325
        1.68159       0.292402
        1.67159       0.296416
        1.66159       0.300369
        1.65159       0.304259
        1.64159       0.308086
        1.63159        0.31185
        1.62159       0.315549
        1.61159       0.319184
        1.60159       0.322753
        1.59159       0.326258
        1.58159       0.329696
        1.57159       0.333068
        1.56159       0.336373
        1.55159       0.339611
        1.54159       0.342782
        1.53159       0.345886
        1.52159       0.348922
        1.51159       0.351889
        1.50159       0.354789
        1.49159        0.35762
        1.48159       0.360383
        1.47159       0.363077
        1.46159       0.365703
        1.45159        0.36826
        1.44159       0.370748
        1.43159       0.373167
        1.42159       0.375518
        1.41159         0.3778
        1.40159       0.380013
        1.39159       0.382158
        1.38159       0.384235
        1.37159       0.386243
        1.36159       0.388183
        1.35159       0.390056
        1.34159        0.39186
        1.33159       0.393598
        1.32159       0.395268
        1.31159       0.396872
        1.30159       0.398409
        1.29159        0.39988
        1.28159       0.401285
        1.27159       0.402625
        1.26159       0.403901
        1.25159       0.405111
        1.24159       0.406258
        1.23159       0.407341
        1.22159       0.408361
        1.21159       0.409319
        1.20159       0.410215
        1.19159       0.411049
        1.18159       0.411823
        1.17159       0.412536
        1.16159        0.41319
        1.15159       0.413786
        1.14159       0.414323
        1.13159       0.414803
        1.12159       0.415226
        1.11159       0.415593
        1.10159       0.415904
        1.09159       0.416162
        1.08159       0.416365
        1.07159       0.416516
        1.06159       0.416614
        1.05159       0.416662
        1.04159       0.416659
        1.03159       0.416606
        1.02159       0.416505
        1.01159       0.416356
        1.00159       0.416161
       0.991593       0.415919
       0.981593       0.415633
       0.971593       0.415302
       0.961593       0.414928
       0.951593       0.414513
       0.941593       0.414056
       0.931593       0.413559
       0.921593       0.413023
       0.911593       0.412449
       0.901593       0.411838
       0.891593       0.411191
       0.881593       0.410508
       0.871593       0.409792
       0.861593       0.409043
       0.851593       0.408262
       0.841593       0.407451
       0.831593       0.406609
       0.821593        0.40574
       0.811593       0.404842
       0.801593       0.403918
       0.791593       0.402969
       0.781593       0.401996
       0.771593       0.400999
       0.761593        0.39998
       0.751593       0.398941
       0.741593       0.397881
       0.731593       0.396803
       0.721593       0.395707
       0.711593       0.394595
       0.701593       0.393467
       0.691593       0.392325
       0.681593        0.39117
       0.671593       0.390002
       0.661593       0.388823
       0.651593       0.387635
       0.641593       0.386438
       0.631593       0.385232
       0.621593        0.38402
       0.611593       0.382803
       0.601593       0.381581
       0.591593       0.380355
       0.581593       0.379127
       0.571593       0.377897
       0.561593       0.376667
       0.551593       0.375438
       0.541593        0.37421
       0.531593       0.372985
       0.521593       0.371764
       0.511593       0.370547
       0.501593       0.369336
       0.491593       0.368132
       0.481593       0.366935
       0.471593       0.365747
       0.461593       0.364568
       0.451593       0.363399
       0.441593       0.362242
       0.431593       0.361097
       0.421593       0.359965
       0.411593       0.358847
       0.401593       0.357744
       0.391593       0.356656
       0.381593       0.355585
       0.371593       0.354531
       0.361593       0.353495
       0.351593       0.352477
       0.341593        0.35148
       0.331593       0.350502
       0.321593       0.349546
       0.311593       0.348612
       0.301593       0.347699
       0.291593        0.34681
       0.281593       0.345945
       0.271593       0.345104
       0.261593       0.344288
       0.251593       0.343497
       0.241593       0.342733
       0.231593       0.341995
       0.221593       0.341284
       0.211593       0.340602
       0.201593       0.339947
       0.191593       0.339321
       0.181593       0.338724
       0.171593       0.338157
       0.161593       0.337619
       0.151593       0.337112
       0.141593       0.336636
       0.131593        0.33619
       0.121593       0.335776
       0.111593       0.335394
       0.101593       0.335043
      0.0915927       0.334725
      0.0815927       0.334439
      0.0715927       0.334185
      0.0615927       0.333964
      0.0515927       0.333776
      0.0415927       0.333621
      0.0315927         0.3335
      0.0215927       0.333411
      0.0115927       0.333356
