         5   103.121
       4.9   206.242
       4.8   309.364
       4.7   412.485
       4.6   515.606
       4.5   618.727
       4.4   721.848
       4.3    824.97
       4.2   928.091
       4.1   1031.21
         4   1134.33
       3.9   1237.45
       3.8   1340.58
       3.7    1443.7
       3.6   1546.82
       3.5   1649.94
       3.4   1753.06
       3.3   1856.18
       3.2    1959.3
       3.1   2062.42
         3   2165.55
       2.9   2268.67
       2.8   2371.79
       2.7   2474.91
       2.6   2578.03
       2.5   2681.15
       2.4   2784.27
       2.3   2887.39
       2.2   2990.52
       2.1   3093.64
         2   3196.76
       1.9   3299.88
       1.8      3403
       1.7   3506.12
       1.6   3609.24
       1.5   3712.36
       1.4   3815.48
       1.3   3918.61
       1.2   4021.73
       1.1   4124.85
         1   4227.97
