        3.14159            inf
        3.13159    1.99991e+06
        3.12159         249958
        3.11159        74046.3
        3.10159        31229.2
        3.09159        15983.3
        3.08159        9245.37
        3.07159           5819
        3.06159        3895.84
        3.05159        2734.23
        3.04159        1991.67
        3.03159        1495.06
        3.02159        1150.47
        3.01159        903.932
        3.00159        722.921
        2.99159        587.048
        2.98159        483.085
        2.97159        402.194
        2.96159        338.319
        2.95159        287.216
        2.94159        245.848
        2.93159        212.007
        2.92159        184.057
        2.91159        160.773
        2.90159        141.222
        2.89159        124.685
        2.88159        110.606
        2.87159        98.5444
        2.86159        88.1527
        2.85159        79.1524
        2.84159        71.3188
        2.83159        64.4695
        2.82159         58.455
        2.81159        53.1525
        2.80159          48.46
        2.79159        44.2926
        2.78159        40.5792
        2.77159        37.2599
        2.76159        34.2841
        2.75159        31.6086
        2.74159        29.1968
        2.73159        27.0171
        2.72159        25.0424
        2.71159        23.2494
        2.70159        21.6178
        2.69159        20.1299
        2.68159        18.7705
        2.67159        17.5259
        2.66159        16.3846
        2.65159         15.336
        2.64159         14.371
        2.63159        13.4816
        2.62159        12.6606
        2.61159        11.9016
        2.60159        11.1989
        2.59159        10.5474
        2.58159        9.94269
        2.57159        9.38062
        2.56159        8.85757
        2.55159        8.37026
        2.54159        7.91574
        2.53159        7.49132
        2.52159        7.09461
        2.51159        6.72342
        2.50159        6.37576
        2.49159        6.04982
        2.48159        5.74398
        2.47159        5.45674
        2.46159        5.18672
        2.45159        4.93269
        2.44159        4.69351
        2.43159        4.46813
        2.42159         4.2556
        2.41159        4.05503
        2.40159        3.86561
        2.39159         3.6866
        2.38159        3.51732
        2.37159        3.35713
        2.36159        3.20544
        2.35159        3.06172
        2.34159        2.92547
        2.33159        2.79622
        2.32159        2.67354
        2.31159        2.55703
        2.30159        2.44633
        2.29159        2.34109
        2.28159        2.24099
        2.27159        2.14573
        2.26159        2.05504
        2.25159        1.96866
        2.24159        1.88633
        2.23159        1.80785
        2.22159        1.73299
        2.21159        1.66156
        2.20159        1.59338
        2.19159        1.52827
        2.18159        1.46607
        2.17159        1.40662
        2.16159        1.34979
        2.15159        1.29544
        2.14159        1.24344
        2.13159        1.19368
        2.12159        1.14604
        2.11159        1.10042
        2.10159        1.05672
        2.09159        1.01484
        2.08159       0.974708
        2.07159       0.936227
        2.06159       0.899323
        2.05159       0.863922
        2.04159       0.829954
        2.03159       0.797352
        2.02159       0.766055
        2.01159       0.736003
        2.00159       0.707139
        1.99159       0.679411
        1.98159       0.652769
        1.97159       0.627165
        1.96159       0.602553
        1.95159        0.57889
        1.94159       0.556136
        1.93159       0.534252
        1.92159       0.513201
        1.91159       0.492949
        1.90159       0.473461
        1.89159       0.454706
        1.88159       0.436655
        1.87159       0.419277
        1.86159       0.402547
        1.85159       0.386438
        1.84159       0.370925
        1.83159       0.355985
        1.82159       0.341595
        1.81159       0.327734
        1.80159        0.31438
        1.79159       0.301515
        1.78159        0.28912
        1.77159       0.277177
        1.76159       0.265668
        1.75159       0.254578
        1.74159        0.24389
        1.73159       0.233591
        1.72159       0.223665
        1.71159       0.214099
        1.70159        0.20488
        1.69159       0.195996
        1.68159       0.187434
        1.67159       0.179182
        1.66159       0.171231
        1.65159       0.163568
        1.64159       0.156185
        1.63159       0.149072
        1.62159       0.142219
        1.61159       0.135616
        1.60159       0.129257
        1.59159       0.123132
        1.58159       0.117234
        1.57159       0.111554
        1.56159       0.106086
        1.55159       0.100823
        1.54159      0.0957584
        1.53159      0.0908849
        1.52159      0.0861967
        1.51159      0.0816879
        1.50159      0.0773527
        1.49159      0.0731856
        1.48159      0.0691813
        1.47159      0.0653347
        1.46159      0.0616409
        1.45159      0.0580951
        1.44159      0.0546928
        1.43159      0.0514297
        1.42159      0.0483014
        1.41159       0.045304
        1.40159      0.0424336
        1.39159      0.0396863
        1.38159      0.0370586
        1.37159      0.0345469
        1.36159      0.0321479
        1.35159      0.0298585
        1.34159      0.0276753
        1.33159      0.0255955
        1.32159      0.0236161
        1.31159      0.0217344
        1.30159      0.0199477
        1.29159      0.0182533
        1.28159      0.0166488
        1.27159      0.0151318
        1.26159         0.0137
        1.25159      0.0123511
        1.24159       0.011083
        1.23159     0.00989364
        1.22159     0.00878099
        1.21159     0.00774316
        1.20159      0.0067783
        1.19159     0.00588465
        1.18159     0.00506048
        1.17159     0.00430416
        1.16159     0.00361412
        1.15159     0.00298883
        1.14159     0.00242685
        1.13159     0.00192676
        1.12159     0.00148724
        1.11159       0.001107
        1.10159    0.000784796
        1.09159    0.000519461
        1.08159    0.000309864
        1.07159    0.000154928
        1.06159    5.36226e-05
        1.05159    4.96937e-06
        1.04159    8.03518e-06
        1.03159    6.19338e-05
        1.02159    0.000165825
        1.01159    0.000318913
        1.00159    0.000520448
       0.991593    0.000769723
       0.981593     0.00106607
       0.971593     0.00140888
       0.961593     0.00179757
       0.951593     0.00223161
       0.941593      0.0027105
       0.931593      0.0032338
       0.921593      0.0038011
       0.911593     0.00441204
       0.901593      0.0050663
       0.891593      0.0057636
       0.881593     0.00650371
       0.871593     0.00728645
       0.861593     0.00811167
       0.851593     0.00897928
       0.841593     0.00988923
       0.831593      0.0108415
       0.821593      0.0118362
       0.811593      0.0128734
       0.801593      0.0139532
       0.791593      0.0150758
       0.781593      0.0162416
       0.771593      0.0174508
       0.761593      0.0187038
       0.751593       0.020001
       0.741593       0.021343
       0.731593      0.0227304
       0.721593      0.0241637
       0.711593      0.0256438
       0.701593      0.0271714
       0.691593      0.0287474
       0.681593      0.0303728
       0.671593      0.0320487
       0.661593      0.0337762
       0.651593      0.0355567
       0.641593      0.0373915
       0.631593      0.0392822
       0.621593      0.0412304
       0.611593      0.0432379
       0.601593      0.0453067
       0.591593      0.0474389
       0.581593      0.0496368
       0.571593      0.0519028
       0.561593      0.0542397
       0.551593      0.0566505
       0.541593      0.0591381
       0.531593      0.0617062
       0.521593      0.0643583
       0.511593      0.0670987
       0.501593      0.0699316
       0.491593      0.0728619
       0.481593      0.0758947
       0.471593      0.0790359
       0.461593      0.0822915
       0.451593      0.0856683
       0.441593      0.0891739
       0.431593      0.0928163
       0.421593      0.0966045
       0.411593       0.100548
       0.401593       0.104659
       0.391593       0.108948
       0.381593       0.113428
       0.371593       0.118115
       0.361593       0.123025
       0.351593       0.128176
       0.341593       0.133589
       0.331593       0.139286
       0.321593       0.145294
       0.311593       0.151641
       0.301593       0.158361
       0.291593       0.165491
       0.281593       0.173075
       0.271593       0.181161
       0.261593       0.189806
       0.251593       0.199078
       0.241593       0.209052
       0.231593       0.219819
       0.221593       0.231486
       0.211593       0.244179
       0.201593       0.258051
       0.191593       0.273286
       0.181593       0.290108
       0.171593       0.308794
       0.161593       0.329689
       0.151593        0.35323
       0.141593       0.379976
       0.131593       0.410658
       0.121593       0.446247
       0.111593        0.48806
       0.101593       0.537935
      0.0915927       0.598512
      0.0815927       0.673725
      0.0715927       0.769707
      0.0615927       0.896571
      0.0515927        1.07228
      0.0415927        1.33205
      0.0315927        1.75572
      0.0215927        2.57099
      0.0115927        4.79129
