        3.14159              0
        3.13159       0.195303
        3.12159      0.0976367
        3.11159      0.0650749
        3.10159      0.0487891
        3.09159      0.0390137
        3.08159      0.0324935
        3.07159      0.0278335
        3.06159       0.024336
        3.05159      0.0216136
        3.04159      0.0194337
        3.03159      0.0176484
        3.02159      0.0161591
        3.01159      0.0148974
        3.00159      0.0138145
        2.99159      0.0128748
        2.98159      0.0120513
        2.97159      0.0113236
        2.96159      0.0106757
        2.95159       0.010095
        2.94159     0.00957136
        2.93159     0.00909673
        2.92159     0.00866439
        2.91159     0.00826883
        2.90159     0.00790546
        2.89159     0.00757041
        2.88159     0.00726042
        2.87159     0.00697271
        2.86159     0.00670489
        2.85159     0.00645491
        2.84159     0.00622099
        2.83159     0.00600158
        2.82159     0.00579531
        2.81159     0.00560101
        2.80159     0.00541761
        2.79159     0.00524418
        2.78159      0.0050799
        2.77159     0.00492403
        2.76159     0.00477591
        2.75159     0.00463493
        2.74159     0.00450058
        2.73159     0.00437237
        2.72159     0.00424986
        2.71159     0.00413265
        2.70159      0.0040204
        2.69159     0.00391277
        2.68159     0.00380947
        2.67159     0.00371021
        2.66159     0.00361476
        2.65159     0.00352288
        2.64159     0.00343435
        2.63159       0.003349
        2.62159     0.00326663
        2.61159     0.00318708
        2.60159     0.00311019
        2.59159     0.00303583
        2.58159     0.00296386
        2.57159     0.00289416
        2.56159     0.00282661
        2.55159     0.00276112
        2.54159     0.00269757
        2.53159     0.00263587
        2.52159     0.00257595
        2.51159     0.00251771
        2.50159     0.00246109
        2.49159     0.00240601
        2.48159      0.0023524
        2.47159      0.0023002
        2.46159     0.00224935
        2.45159     0.00219979
        2.44159     0.00215148
        2.43159     0.00210437
        2.42159      0.0020584
        2.41159     0.00201353
        2.40159     0.00196973
        2.39159     0.00192694
        2.38159     0.00188514
        2.37159     0.00184429
        2.36159     0.00180436
        2.35159     0.00176531
        2.34159     0.00172711
        2.33159     0.00168974
        2.32159     0.00165316
        2.31159     0.00161736
        2.30159     0.00158231
        2.29159     0.00154798
        2.28159     0.00151435
        2.27159      0.0014814
        2.26159     0.00144911
        2.25159     0.00141747
        2.24159     0.00138644
        2.23159     0.00135602
        2.22159     0.00132619
        2.21159     0.00129693
        2.20159     0.00126823
        2.19159     0.00124007
        2.18159     0.00121244
        2.17159     0.00118533
        2.16159     0.00115872
        2.15159     0.00113259
        2.14159     0.00110695
        2.13159     0.00108177
        2.12159     0.00105705
        2.11159     0.00103277
        2.10159     0.00100893
        2.09159    0.000985518
        2.08159    0.000962521
        2.07159    0.000939932
        2.06159    0.000917743
        2.05159    0.000895945
        2.04159    0.000874532
        2.03159    0.000853494
        2.02159    0.000832826
        2.01159     0.00081252
        2.00159    0.000792569
        1.99159    0.000772968
        1.98159    0.000753709
        1.97159    0.000734786
        1.96159    0.000716195
        1.95159    0.000697929
        1.94159    0.000679984
        1.93159    0.000662353
        1.92159    0.000645032
        1.91159    0.000628017
        1.90159    0.000611301
        1.89159    0.000594882
        1.88159    0.000578754
        1.87159    0.000562914
        1.86159    0.000547357
        1.85159     0.00053208
        1.84159    0.000517078
        1.83159    0.000502348
        1.82159    0.000487887
        1.81159    0.000473691
        1.80159    0.000459756
        1.79159     0.00044608
        1.78159    0.000432659
        1.77159    0.000419491
        1.76159    0.000406572
        1.75159    0.000393899
        1.74159     0.00038147
        1.73159    0.000369282
        1.72159    0.000357332
        1.71159    0.000345618
        1.70159    0.000334138
        1.69159    0.000322888
        1.68159    0.000311867
        1.67159    0.000301073
        1.66159    0.000290502
        1.65159    0.000280153
        1.64159    0.000270024
        1.63159    0.000260113
        1.62159    0.000250417
        1.61159    0.000240935
        1.60159    0.000231665
        1.59159    0.000222604
        1.58159    0.000213752
        1.57159    0.000205105
        1.56159    0.000196663
        1.55159    0.000188423
        1.54159    0.000180385
        1.53159    0.000172545
        1.52159    0.000164903
        1.51159    0.000157456
        1.50159    0.000150204
        1.49159    0.000143144
        1.48159    0.000136276
        1.47159    0.000129596
        1.46159    0.000123105
        1.45159    0.000116799
        1.44159    0.000110679
        1.43159    0.000104742
        1.42159    9.89864e-05
        1.41159    9.34112e-05
        1.40159    8.80147e-05
        1.39159    8.27956e-05
        1.38159    7.77522e-05
        1.37159    7.28832e-05
        1.36159     6.8187e-05
        1.35159    6.36623e-05
        1.34159    5.93074e-05
        1.33159     5.5121e-05
        1.32159    5.11015e-05
        1.31159    4.72475e-05
        1.30159    4.35576e-05
        1.29159    4.00301e-05
        1.28159    3.66637e-05
        1.27159    3.34567e-05
        1.26159    3.04077e-05
        1.25159    2.75152e-05
        1.24159    2.47775e-05
        1.23159    2.21932e-05
        1.22159    1.97607e-05
        1.21159    1.74784e-05
        1.20159    1.53446e-05
        1.19159    1.33578e-05
        1.18159    1.15163e-05
        1.17159    9.81849e-06
        1.16159    8.26262e-06
        1.15159    6.84702e-06
        1.14159    5.56994e-06
        1.13159    4.42963e-06
        1.12159    3.42432e-06
        1.11159     2.5522e-06
        1.10159    1.81142e-06
        1.09159    1.20014e-06
        1.08159    7.16444e-07
        1.07159    3.58418e-07
        1.06159    1.24101e-07
        1.05159    1.15029e-08
        1.04159    1.85994e-08
        1.03159     1.4333e-07
        1.02159    3.83599e-07
        1.01159    7.37274e-07
        1.00159    1.20218e-06
       0.991593    1.77611e-06
       0.981593    2.45681e-06
       0.971593    3.24199e-06
       0.961593    4.12932e-06
       0.951593    5.11641e-06
       0.941593    6.20084e-06
       0.931593    7.38015e-06
       0.921593    8.65182e-06
       0.911593    1.00133e-05
       0.901593     1.1462e-05
       0.891593    1.29952e-05
       0.881593    1.46102e-05
       0.871593    1.63043e-05
       0.861593    1.80746e-05
       0.851593    1.99184e-05
       0.841593    2.18326e-05
       0.831593    2.38143e-05
       0.821593    2.58605e-05
       0.811593    2.79681e-05
       0.801593    3.01339e-05
       0.791593    3.23548e-05
       0.781593    3.46274e-05
       0.771593    3.69486e-05
       0.761593    3.93148e-05
       0.751593    4.17227e-05
       0.741593    4.41687e-05
       0.731593    4.66493e-05
       0.721593    4.91609e-05
       0.711593    5.16998e-05
       0.701593    5.42622e-05
       0.691593    5.68443e-05
       0.681593    5.94422e-05
       0.671593     6.2052e-05
       0.661593    6.46696e-05
       0.651593     6.7291e-05
       0.641593     6.9912e-05
       0.631593    7.25284e-05
       0.621593    7.51359e-05
       0.611593    7.77301e-05
       0.601593    8.03067e-05
       0.591593    8.28611e-05
       0.581593    8.53888e-05
       0.571593    8.78851e-05
       0.561593    9.03454e-05
       0.551593    9.27648e-05
       0.541593    9.51386e-05
       0.531593    9.74619e-05
       0.521593    9.97297e-05
       0.511593    0.000101937
       0.501593    0.000104078
       0.491593    0.000106149
       0.481593    0.000108144
       0.471593    0.000110057
       0.461593    0.000111884
       0.451593    0.000113619
       0.441593    0.000115255
       0.431593    0.000116789
       0.421593    0.000118214
       0.411593    0.000119525
       0.401593    0.000120716
       0.391593    0.000121781
       0.381593    0.000122714
       0.371593     0.00012351
       0.361593    0.000124162
       0.351593    0.000124665
       0.341593    0.000125013
       0.331593    0.000125199
       0.321593    0.000125218
       0.311593    0.000125064
       0.301593     0.00012473
       0.291593     0.00012421
       0.281593    0.000123499
       0.271593    0.000122589
       0.261593    0.000121475
       0.251593    0.000120151
       0.241593    0.000118611
       0.231593    0.000116847
       0.221593    0.000114855
       0.211593    0.000112628
       0.201593     0.00011016
       0.191593    0.000107445
       0.181593    0.000104477
       0.171593     0.00010125
       0.161593    9.77575e-05
       0.151593    9.39942e-05
       0.141593    8.99543e-05
       0.131593     8.5632e-05
       0.121593    8.10218e-05
       0.111593    7.61181e-05
       0.101593    7.09156e-05
      0.0915927     6.5409e-05
      0.0815927    5.95932e-05
      0.0715927    5.34633e-05
      0.0615927    4.70143e-05
      0.0515927    4.02418e-05
      0.0415927    3.31413e-05
      0.0315927    2.57085e-05
      0.0215927    1.79395e-05
      0.0115927    9.83056e-06
