        3.14159              0
        3.13159    4.99955e-07
        3.12159    3.99854e-06
        3.11159    1.34889e-05
        3.10159    3.19531e-05
        3.09159    6.23569e-05
        3.08159    0.000107644
        3.07159    0.000170731
        3.06159    0.000254502
        3.05159    0.000361802
        3.04159    0.000495435
        3.03159    0.000658153
        3.02159    0.000852659
        3.01159     0.00108159
        3.00159     0.00134754
        2.99159       0.001653
        2.98159     0.00200042
        2.97159     0.00239215
        2.96159     0.00283048
        2.95159      0.0033176
        2.94159     0.00385561
        2.93159     0.00444651
        2.92159     0.00509221
        2.91159     0.00579453
        2.90159     0.00655516
        2.89159     0.00737569
        2.88159     0.00825761
        2.87159     0.00920228
        2.86159      0.0102109
        2.85159      0.0112847
        2.84159      0.0124247
        2.83159      0.0136316
        2.82159      0.0149063
        2.81159      0.0162493
        2.80159      0.0176613
        2.79159      0.0191424
        2.78159       0.020693
        2.77159      0.0223132
        2.76159      0.0240029
        2.75159      0.0257619
        2.74159        0.02759
        2.73159      0.0294866
        2.72159      0.0314512
        2.71159       0.033483
        2.70159      0.0355813
        2.69159       0.037745
        2.68159       0.039973
        2.67159      0.0422641
        2.66159      0.0446169
        2.65159      0.0470299
        2.64159      0.0495014
        2.63159      0.0520297
        2.62159      0.0546129
        2.61159       0.057249
        2.60159      0.0599359
        2.59159      0.0626714
        2.58159      0.0654532
        2.57159      0.0682787
        2.56159      0.0711455
        2.55159       0.074051
        2.54159      0.0769923
        2.53159      0.0799666
        2.52159      0.0829711
        2.51159      0.0860027
        2.50159      0.0890584
        2.49159       0.092135
        2.48159      0.0952292
        2.47159      0.0983379
        2.46159       0.101458
        2.45159       0.104585
        2.44159       0.107716
        2.43159       0.110849
        2.42159       0.113978
        2.41159       0.117101
        2.40159       0.120214
        2.39159       0.123314
        2.38159       0.126396
        2.37159       0.129458
        2.36159       0.132495
        2.35159       0.135504
        2.34159       0.138481
        2.33159       0.141423
        2.32159       0.144326
        2.31159       0.147186
        2.30159           0.15
        2.29159       0.152765
        2.28159       0.155476
        2.27159       0.158131
        2.26159       0.160726
        2.25159       0.163258
        2.24159       0.165723
        2.23159       0.168119
        2.22159       0.170442
        2.21159       0.172689
        2.20159       0.174857
        2.19159       0.176944
        2.18159       0.178946
        2.17159       0.180861
        2.16159       0.182686
        2.15159       0.184419
        2.14159       0.186058
        2.13159         0.1876
        2.12159       0.189042
        2.11159       0.190384
        2.10159       0.191623
        2.09159       0.192757
        2.08159       0.193785
        2.07159       0.194705
        2.06159       0.195517
        2.05159       0.196217
        2.04159       0.196806
        2.03159       0.197283
        2.02159       0.197646
        2.01159       0.197896
        2.00159       0.198031
        1.99159       0.198051
        1.98159       0.197957
        1.97159       0.197747
        1.96159       0.197422
        1.95159       0.196982
        1.94159       0.196428
        1.93159        0.19576
        1.92159       0.194979
        1.91159       0.194085
        1.90159        0.19308
        1.89159       0.191965
        1.88159        0.19074
        1.87159       0.189408
        1.86159        0.18797
        1.85159       0.186427
        1.84159       0.184782
        1.83159       0.183036
        1.82159       0.181191
        1.81159        0.17925
        1.80159       0.177215
        1.79159       0.175088
        1.78159       0.172873
        1.77159       0.170571
        1.76159       0.168185
        1.75159       0.165719
        1.74159       0.163175
        1.73159       0.160557
        1.72159       0.157867
        1.71159        0.15511
        1.70159       0.152288
        1.69159       0.149404
        1.68159       0.146463
        1.67159       0.143468
        1.66159       0.140423
        1.65159       0.137331
        1.64159       0.134196
        1.63159       0.131022
        1.62159       0.127813
        1.61159       0.124572
        1.60159       0.121304
        1.59159       0.118013
        1.58159       0.114703
        1.57159       0.111377
        1.56159       0.108039
        1.55159       0.104694
        1.54159       0.101346
        1.53159       0.097998
        1.52159      0.0946547
        1.51159      0.0913199
        1.50159      0.0879974
        1.49159      0.0846913
        1.48159      0.0814052
        1.47159      0.0781431
        1.46159      0.0749087
        1.45159      0.0717056
        1.44159      0.0685375
        1.43159       0.065408
        1.42159      0.0623206
        1.41159      0.0592787
        1.40159      0.0562856
        1.39159      0.0533446
        1.38159      0.0504588
        1.37159      0.0476314
        1.36159      0.0448652
        1.35159      0.0421632
        1.34159      0.0395282
        1.33159      0.0369626
        1.32159      0.0344692
        1.31159      0.0320502
        1.30159       0.029708
        1.29159      0.0274448
        1.28159      0.0252625
        1.27159      0.0231631
        1.26159      0.0211483
        1.25159      0.0192198
        1.24159       0.017379
        1.23159      0.0156274
        1.22159       0.013966
        1.21159      0.0123961
        1.20159      0.0109185
        1.19159     0.00953388
        1.18159     0.00824303
        1.17159     0.00704636
        1.16159     0.00594422
        1.15159     0.00493679
        1.14159     0.00402412
        1.13159     0.00320609
        1.12159     0.00248245
        1.11159      0.0018528
        1.10159     0.00131661
        1.09159     0.00087317
        1.08159    0.000521668
        1.07159    0.000261131
        1.06159    9.04508e-05
        1.05159    8.38548e-06
        1.04159    1.35585e-05
        1.03159    0.000104462
        1.02159    0.000279461
        1.01159    0.000536794
        1.00159    0.000874577
       0.991593     0.00129081
       0.981593     0.00178337
       0.971593     0.00235003
       0.961593     0.00298846
       0.951593     0.00369622
       0.941593     0.00447075
       0.931593     0.00530944
       0.921593     0.00620955
       0.911593     0.00716826
       0.901593      0.0081827
       0.891593     0.00924988
       0.881593      0.0103668
       0.871593      0.0115302
       0.861593      0.0127372
       0.851593      0.0139843
       0.841593      0.0152683
       0.831593       0.016586
       0.821593      0.0179338
       0.811593      0.0193086
       0.801593      0.0207067
       0.791593      0.0221249
       0.781593      0.0235596
       0.771593      0.0250073
       0.761593      0.0264645
       0.751593      0.0279279
       0.741593      0.0293938
       0.731593      0.0308589
       0.721593      0.0323197
       0.711593      0.0337727
       0.701593      0.0352146
       0.691593       0.036642
       0.681593      0.0380516
       0.671593        0.03944
       0.661593      0.0408042
       0.651593      0.0421408
       0.641593      0.0434467
       0.631593       0.044719
       0.621593      0.0459546
       0.611593      0.0471506
       0.601593      0.0483042
       0.591593      0.0494126
       0.581593      0.0504732
       0.571593      0.0514834
       0.561593      0.0524408
       0.551593      0.0533429
       0.541593      0.0541875
       0.531593      0.0549724
       0.521593      0.0556956
       0.511593      0.0563551
       0.501593      0.0569492
       0.491593      0.0574761
       0.481593      0.0579342
       0.471593      0.0583221
       0.461593      0.0586384
       0.451593       0.058882
       0.441593      0.0590518
       0.431593      0.0591468
       0.421593      0.0591662
       0.411593      0.0591094
       0.401593      0.0589758
       0.391593      0.0587651
       0.381593      0.0584769
       0.371593      0.0581112
       0.361593      0.0576679
       0.351593      0.0571472
       0.341593      0.0565493
       0.331593      0.0558747
       0.321593       0.055124
       0.311593      0.0542977
       0.301593      0.0533968
       0.291593      0.0524222
       0.281593      0.0513749
       0.271593      0.0502561
       0.261593      0.0490671
       0.251593      0.0478095
       0.241593      0.0464847
       0.231593      0.0450945
       0.221593      0.0436406
       0.211593      0.0421249
       0.201593      0.0405494
       0.191593      0.0389163
       0.181593      0.0372278
       0.171593      0.0354861
       0.161593      0.0336936
       0.151593      0.0318529
       0.141593      0.0299665
       0.131593      0.0280371
       0.121593      0.0260673
       0.111593        0.02406
       0.101593       0.022018
      0.0915927      0.0199442
      0.0815927      0.0178416
      0.0715927      0.0157133
      0.0615927      0.0135622
      0.0515927      0.0113915
      0.0415927     0.00920423
      0.0315927     0.00700367
      0.0215927     0.00479296
      0.0115927     0.00257531
